1	49308
2	61365
3	31701
4	21457
5	18461
6	16792
7	15602
8	13370
9	11946
10	9448
11	9708
12	9473
13	8229
14	7144
15	5531
16	5237
17	5506
18	5314
19	4464
20	4584
21	4090
22	4540
23	3826
24	4348
25	4008
26	3142
27	3883
28	3911
29	3869
30	3673
31	2124
32	3694
33	3537
34	3882
35	1353
36	3706
37	3498
38	3555
39	3436
40	3306
41	3118
42	3225
43	3243
44	3347
45	3226
46	3090
47	2951
48	3090
49	3075
50	2476
51	2902
52	1569
53	2936
54	2845
55	2753
56	2941
57	2679
58	2650
59	2585
60	2526
61	2473
62	2433
63	2377
64	2385
65	2217
66	2241
67	1487
68	2177
69	2231
70	2162
71	1836
72	1989
73	1943
74	1951
75	1948
76	1941
77	1834
78	1907
79	1908
80	1792
81	1731
82	1847
83	1773
84	1816
85	1776
86	1818
87	1752
88	1799
89	1695
90	1465
91	1766
92	1743
93	1728
94	1315
95	1656
96	1605
97	1562
98	1616
99	1616
100	1601
101	1610
102	1555
103	1536
104	1189
105	1505
106	1470
107	942
108	1475
109	1324
110	1331
111	1400
112	1380
113	1296
114	1406
115	1355
116	1359
117	1268
118	1358
119	1329
120	1264
121	1337
122	1256
123	1266
124	1275
125	1285
126	1305
127	1130
128	1191
129	1203
130	1134
131	1195
132	1191
133	1151
134	1125
135	1147
136	1150
137	1113
138	1115
139	1131
140	1086
141	904
142	1108
143	1080
144	1075
145	1048
146	1045
147	1061
148	1065
149	1048
150	995
151	1022
152	997
153	994
154	973
155	989
156	926
157	953
158	928
159	911
160	933
161	910
162	777
163	883
164	918
165	909
166	912
167	868
168	867
169	852
170	875
171	822
172	847
173	847
174	865
175	834
176	847
177	846
178	828
179	857
180	836
181	807
182	767
183	775
184	762
185	791
186	750
187	756
188	766
189	792
190	785
191	767
192	770
193	782
194	758
195	766
196	735
197	763
198	754
199	736
200	739
201	762
202	748
203	746
204	703
205	736
206	730
207	723
208	705
209	730
210	709
211	724
212	714
213	699
214	717
215	721
216	704
217	660
218	717
219	585
220	700
221	675
222	690
223	681
224	679
225	666
226	641
227	684
228	679
229	684
230	657
231	663
232	665
233	667
234	670
235	672
236	661
237	654
238	648
239	656
240	648
241	650
242	605
243	633
244	652
245	638
246	640
247	623
248	610
249	617
250	631
251	630
252	621
253	624
254	206
255	614
256	635
257	633
258	612
259	576
260	611
261	610
262	607
263	615
264	600
265	599
266	608
267	600
268	608
269	610
270	600
271	606
272	605
273	596
274	601
275	598
276	590
277	595
278	564
279	584
280	584
281	569
282	575
283	578
284	586
285	283
286	283
287	529
288	566
289	565
290	562
291	549
292	550
293	549
294	543
295	532
296	524
297	513
298	538
299	507
300	533
301	533
302	530
303	499
304	512
305	514
306	516
307	513
308	507
309	494
310	500
311	489
312	499
313	490
314	501
315	489
316	503
317	442
318	495
319	452
320	504
321	482
322	498
323	503
324	483
325	488
326	482
327	490
328	496
329	422
330	493
331	493
332	487
333	489
334	479
335	489
336	485
337	479
338	485
339	454
340	455
341	465
342	472
343	480
344	469
345	389
346	457
347	466
348	461
349	472
350	453
351	469
352	467
353	458
354	457
355	462
356	457
357	457
358	454
359	456
360	458
361	458
362	420
363	436
364	437
365	424
366	422
367	433
368	434
369	418
370	428
371	436
372	428
373	419
374	393
375	410
376	418
377	424
378	418
379	393
380	417
381	408
382	414
383	401
384	414
385	390
386	415
387	403
388	418
389	412
390	409
391	404
392	394
393	397
394	406
395	402
396	399
397	400
398	389
399	400
400	390
401	378
402	399
403	370
404	388
405	381
406	392
407	372
408	370
409	388
410	372
411	385
412	367
413	380
414	381
415	385
416	380
417	377
418	335
419	375
420	379
421	372
422	365
423	367
424	375
425	380
426	367
427	377
428	378
429	367
430	345
431	361
432	340
433	371
434	370
435	370
436	362
437	363
438	363
439	359
440	365
441	360
442	365
443	355
444	348
445	367
446	362
447	362
448	361
449	355
450	360
451	349
452	343
453	348
454	354
455	354
456	310
457	318
458	357
459	359
460	351
461	355
462	354
463	343
464	347
465	350
466	341
467	346
468	345
469	343
470	345
471	349
472	298
473	285
474	330
475	341
476	336
477	346
478	338
479	340
480	339
481	338
482	332
483	334
484	336
485	327
486	336
487	336
488	331
489	332
490	334
491	328
492	326
493	323
494	329
495	313
496	330
497	325
498	273
499	321
500	317
501	316
502	316
503	320
504	321
505	308
506	319
507	313
508	316
509	309
510	315
511	314
512	319
513	316
514	318
515	315
516	301
517	306
518	309
519	308
520	312
521	304
522	312
523	305
524	299
525	302
526	303
527	290
528	293
529	305
530	298
531	292
532	270
533	299
534	298
535	298
536	297
537	290
538	299
539	297
540	298
541	285
542	296
543	292
544	290
545	293
546	278
547	289
548	288
549	292
550	278
551	289
552	267
553	290
554	284
555	243
556	286
557	286
558	282
559	286
560	277
561	275
562	278
563	258
564	280
565	280
566	275
567	259
568	281
569	278
570	279
571	279
572	262
573	274
574	271
575	272
576	274
577	274
578	271
579	276
580	273
581	272
582	275
583	272
584	270
585	272
586	231
587	271
588	258
589	268
590	265
591	260
592	258
593	262
594	266
595	265
596	255
597	267
598	239
599	231
600	261
601	258
602	262
603	254
604	261
605	249
606	246
607	256
608	254
609	259
610	252
611	259
612	257
613	255
614	252
615	259
616	253
617	255
618	255
619	249
620	254
621	250
622	252
623	254
624	254
625	252
626	253
627	254
628	249
629	248
630	227
631	251
632	250
633	247
634	244
635	247
636	249
637	238
638	248
639	242
640	246
641	248
642	245
643	240
644	241
645	242
646	247
647	241
648	223
649	244
650	243
651	241
652	240
653	242
654	238
655	237
656	240
657	239
658	235
659	239
660	234
661	230
662	239
663	238
664	231
665	241
666	241
667	236
668	238
669	233
670	232
671	233
672	235
673	230
674	233
675	232
676	235
677	234
678	236
679	234
680	235
681	232
682	233
683	207
684	229
685	231
686	225
687	226
688	185
689	228
690	231
691	183
692	221
693	228
694	219
695	229
696	229
697	227
698	226
699	225
700	226
701	223
702	227
703	225
704	226
705	215
706	224
707	213
708	222
709	224
710	135
711	215
712	223
713	222
714	213
715	219
716	221
717	210
718	211
719	214
720	219
721	211
722	211
723	217
724	217
725	216
726	216
727	214
728	216
729	215
730	213
731	213
732	207
733	214
734	211
735	215
736	204
737	215
738	214
739	200
740	212
741	214
742	214
743	201
744	211
745	98
746	206
747	203
748	207
749	207
750	211
751	206
752	204
753	207
754	210
755	203
756	200
757	206
758	208
759	203
760	203
761	202
762	202
763	205
764	200
765	202
766	204
767	202
768	200
769	203
770	195
771	194
772	195
773	196
774	200
775	194
776	182
777	194
778	198
779	195
780	192
781	175
782	196
783	190
784	197
785	179
786	187
787	192
788	193
789	192
790	190
791	159
792	192
793	185
794	193
795	189
796	192
797	193
798	193
799	192
800	191
801	190
802	171
803	189
804	188
805	188
806	155
807	186
808	189
809	183
810	180
811	180
812	185
813	183
814	186
815	182
816	186
817	182
818	186
819	184
820	183
821	184
822	184
823	185
824	175
825	184
826	185
827	184
828	183
829	183
830	185
831	180
832	182
833	184
834	182
835	184
836	178
837	183
838	181
839	183
840	181
841	183
842	182
843	182
844	182
845	180
846	181
847	177
848	181
849	182
850	178
851	177
852	175
853	174
854	180
855	170
856	174
857	174
858	179
859	177
860	176
861	178
862	178
863	174
864	179
865	180
866	170
867	179
868	169
869	177
870	174
871	176
872	177
873	173
874	176
875	173
876	176
877	166
878	174
879	163
880	171
881	171
882	176
883	174
884	171
885	171
886	175
887	170
888	173
889	172
890	174
891	174
892	172
893	171
894	173
895	168
896	169
897	172
898	168
899	166
900	170
901	170
902	170
903	161
904	164
905	168
906	167
907	168
908	168
909	166
910	162
911	163
912	163
913	161
914	159
915	160
916	161
917	163
918	164
919	158
920	162
921	161
922	162
923	162
924	161
925	154
926	143
927	162
928	157
929	153
930	155
931	151
932	158
933	159
934	159
935	161
936	160
937	159
938	154
939	157
940	160
941	159
942	157
943	160
944	156
945	156
946	158
947	155
948	159
949	157
950	159
951	158
952	158
953	154
954	155
955	157
956	155
957	158
958	156
959	155
960	157
961	144
962	157
963	148
964	154
965	151
966	155
967	154
968	155
969	153
970	152
971	153
972	154
973	153
974	154
975	154
976	152
977	142
978	148
979	146
980	150
981	152
982	151
983	151
984	150
985	148
986	150
987	145
988	150
989	151
990	148
991	146
992	138
993	148
994	149
995	149
996	147
997	146
998	141
999	141
1000	148
1001	146
1002	149
1003	147
1004	148
1005	147
1006	144
1007	147
1008	147
1009	146
1010	139
1011	147
1012	143
1013	146
1014	147
1015	145
1016	146
1017	145
1018	147
1019	138
1020	147
1021	142
1022	147
1023	147
1024	146
1025	141
1026	142
1027	146
1028	144
1029	146
1030	144
1031	144
1032	144
1033	145
1034	131
1035	143
1036	141
1037	141
1038	142
1039	141
1040	140
1041	144
1042	137
1043	143
1044	143
1045	143
1046	134
1047	137
1048	140
1049	139
1050	142
1051	138
1052	131
1053	140
1054	138
1055	140
1056	125
1057	137
1058	127
1059	139
1060	139
1061	141
1062	140
1063	135
1064	138
1065	139
1066	137
1067	137
1068	136
1069	139
1070	135
1071	137
1072	136
1073	139
1074	136
1075	139
1076	132
1077	133
1078	138
1079	136
1080	137
1081	135
1082	132
1083	136
1084	135
1085	123
1086	135
1087	133
1088	134
1089	134
1090	130
1091	131
1092	135
1093	131
1094	134
1095	129
1096	130
1097	133
1098	135
1099	134
1100	134
1101	133
1102	133
1103	133
1104	133
1105	133
1106	133
1107	133
1108	132
1109	131
1110	132
1111	131
1112	132
1113	129
1114	129
1115	131
1116	130
1117	115
1118	126
1119	130
1120	129
1121	127
1122	128
1123	129
1124	121
1125	129
1126	130
1127	129
1128	128
1129	129
1130	123
1131	127
1132	123
1133	126
1134	127
1135	125
1136	127
1137	127
1138	127
1139	127
1140	127
1141	124
1142	126
1143	126
1144	127
1145	121
1146	124
1147	119
1148	121
1149	122
1150	125
1151	126
1152	125
1153	85
1154	126
1155	126
1156	125
1157	124
1158	125
1159	124
1160	120
1161	122
1162	125
1163	124
1164	123
1165	123
1166	123
1167	123
1168	123
1169	123
1170	123
1171	124
1172	120
1173	121
1174	124
1175	124
1176	122
1177	120
1178	119
1179	121
1180	121
1181	121
1182	123
1183	122
1184	121
1185	121
1186	115
1187	122
1188	119
1189	120
1190	118
1191	115
1192	121
1193	121
1194	117
1195	120
1196	120
1197	116
1198	119
1199	115
1200	113
1201	115
1202	119
1203	119
1204	115
1205	117
1206	119
1207	118
1208	117
1209	118
1210	119
1211	118
1212	118
1213	118
1214	113
1215	114
1216	114
1217	117
1218	50
1219	115
1220	114
1221	115
1222	116
1223	117
1224	114
1225	116
1226	112
1227	113
1228	114
1229	113
1230	115
1231	108
1232	115
1233	116
1234	116
1235	116
1236	115
1237	113
1238	114
1239	113
1240	114
1241	113
1242	113
1243	112
1244	109
1245	114
1246	114
1247	112
1248	114
1249	113
1250	112
1251	55
1252	113
1253	112
1254	111
1255	113
1256	110
1257	111
1258	111
1259	110
1260	112
1261	110
1262	110
1263	109
1264	112
1265	106
1266	112
1267	107
1268	109
1269	111
1270	110
1271	110
1272	111
1273	108
1274	111
1275	108
1276	110
1277	111
1278	111
1279	107
1280	110
1281	109
1282	108
1283	110
1284	109
1285	107
1286	105
1287	106
1288	107
1289	42
1290	108
1291	108
1292	106
1293	105
1294	102
1295	108
1296	104
1297	108
1298	97
1299	108
1300	108
1301	99
1302	98
1303	109
1304	109
1305	109
1306	108
1307	105
1308	106
1309	107
1310	106
1311	104
1312	105
1313	106
1314	104
1315	102
1316	106
1317	101
1318	104
1319	101
1320	106
1321	106
1322	76
1323	105
1324	105
1325	105
1326	100
1327	57
1328	100
1329	104
1330	102
1331	104
1332	104
1333	101
1334	102
1335	102
1336	100
1337	96
1338	98
1339	103
1340	100
1341	103
1342	103
1343	102
1344	102
1345	101
1346	99
1347	101
1348	99
1349	101
1350	101
1351	102
1352	100
1353	94
1354	102
1355	92
1356	101
1357	102
1358	94
1359	100
1360	101
1361	99
1362	100
1363	100
1364	98
1365	99
1366	101
1367	101
1368	100
1369	101
1370	100
1371	99
1372	95
1373	98
1374	94
1375	97
1376	100
1377	99
1378	99
1379	99
1380	97
1381	100
1382	97
1383	100
1384	99
1385	96
1386	89
1387	100
1388	96
1389	97
1390	90
1391	99
1392	89
1393	97
1394	99
1395	99
1396	94
1397	99
1398	99
1399	97
1400	99
1401	98
1402	98
1403	98
1404	99
1405	99
1406	97
1407	96
1408	97
1409	98
1410	98
1411	87
1412	98
1413	98
1414	94
1415	98
1416	97
1417	97
1418	97
1419	94
1420	94
1421	94
1422	95
1423	96
1424	96
1425	95
1426	93
1427	92
1428	97
1429	96
1430	97
1431	96
1432	96
1433	95
1434	94
1435	96
1436	96
1437	96
1438	96
1439	96
1440	94
1441	95
1442	95
1443	95
1444	91
1445	95
1446	95
1447	95
1448	93
1449	94
1450	89
1451	94
1452	93
1453	95
1454	95
1455	95
1456	92
1457	94
1458	92
1459	93
1460	94
1461	90
1462	94
1463	93
1464	94
1465	89
1466	85
1467	94
1468	94
1469	72
1470	81
1471	89
1472	90
1473	93
1474	92
1475	93
1476	92
1477	90
1478	90
1479	93
1480	93
1481	91
1482	92
1483	91
1484	90
1485	87
1486	90
1487	92
1488	88
1489	86
1490	89
1491	91
1492	92
1493	90
1494	91
1495	91
1496	90
1497	90
1498	91
1499	90
1500	91
1501	88
1502	88
1503	91
1504	89
1505	91
1506	91
1507	88
1508	90
1509	91
1510	91
1511	90
1512	91
1513	88
1514	89
1515	87
1516	89
1517	87
1518	86
1519	87
1520	87
1521	85
1522	89
1523	88
1524	87
1525	90
1526	86
1527	88
1528	87
1529	87
1530	89
1531	88
1532	88
1533	88
1534	87
1535	84
1536	84
1537	89
1538	87
1539	88
1540	88
1541	89
1542	88
1543	89
1544	88
1545	88
1546	89
1547	87
1548	86
1549	86
1550	88
1551	88
1552	86
1553	84
1554	88
1555	78
1556	79
1557	88
1558	87
1559	87
1560	84
1561	87
1562	85
1563	86
1564	86
1565	85
1566	85
1567	87
1568	85
1569	84
1570	86
1571	84
1572	85
1573	84
1574	84
1575	86
1576	86
1577	86
1578	84
1579	81
1580	81
1581	76
1582	86
1583	85
1584	86
1585	82
1586	83
1587	85
1588	84
1589	83
1590	85
1591	83
1592	84
1593	83
1594	85
1595	85
1596	85
1597	81
1598	85
1599	84
1600	84
1601	83
1602	79
1603	84
1604	84
1605	84
1606	83
1607	83
1608	84
1609	83
1610	82
1611	83
1612	81
1613	84
1614	79
1615	79
1616	84
1617	84
1618	84
1619	80
1620	80
1621	83
1622	73
1623	81
1624	77
1625	83
1626	83
1627	82
1628	83
1629	82
1630	81
1631	82
1632	80
1633	81
1634	81
1635	81
1636	82
1637	81
1638	82
1639	82
1640	80
1641	81
1642	81
1643	81
1644	82
1645	81
1646	81
1647	82
1648	79
1649	79
1650	80
1651	81
1652	80
1653	77
1654	80
1655	81
1656	78
1657	80
1658	81
1659	79
1660	81
1661	81
1662	79
1663	77
1664	74
1665	76
1666	80
1667	79
1668	80
1669	79
1670	80
1671	80
1672	79
1673	79
1674	80
1675	79
1676	76
1677	75
1678	77
1679	77
1680	78
1681	76
1682	79
1683	76
1684	78
1685	78
1686	75
1687	77
1688	78
1689	77
1690	78
1691	78
1692	79
1693	77
1694	78
1695	76
1696	79
1697	79
1698	78
1699	71
1700	77
1701	78
1702	76
1703	74
1704	74
1705	77
1706	74
1707	77
1708	77
1709	74
1710	77
1711	78
1712	75
1713	78
1714	76
1715	76
1716	77
1717	75
1718	75
1719	74
1720	77
1721	77
1722	75
1723	75
1724	77
1725	73
1726	73
1727	75
1728	77
1729	76
1730	75
1731	72
1732	75
1733	74
1734	75
1735	68
1736	75
1737	76
1738	76
1739	76
1740	76
1741	74
1742	72
1743	74
1744	75
1745	75
1746	76
1747	76
1748	72
1749	75
1750	73
1751	73
1752	75
1753	74
1754	74
1755	75
1756	72
1757	74
1758	75
1759	73
1760	72
1761	74
1762	72
1763	74
1764	73
1765	75
1766	70
1767	75
1768	73
1769	74
1770	73
1771	73
1772	72
1773	74
1774	74
1775	74
1776	72
1777	70
1778	74
1779	74
1780	74
1781	71
1782	74
1783	73
1784	71
1785	73
1786	72
1787	69
1788	73
1789	71
1790	67
1791	72
1792	72
1793	72
1794	73
1795	70
1796	73
1797	72
1798	73
1799	72
1800	68
1801	72
1802	72
1803	71
1804	72
1805	69
1806	71
1807	72
1808	70
1809	69
1810	67
1811	72
1812	67
1813	72
1814	69
1815	71
1816	70
1817	70
1818	70
1819	71
1820	69
1821	71
1822	71
1823	67
1824	64
1825	70
1826	70
1827	68
1828	71
1829	68
1830	65
1831	66
1832	70
1833	69
1834	69
1835	70
1836	71
1837	67
1838	70
1839	69
1840	68
1841	68
1842	68
1843	70
1844	70
1845	70
1846	69
1847	70
1848	70
1849	70
1850	69
1851	67
1852	70
1853	70
1854	69
1855	69
1856	69
1857	63
1858	70
1859	65
1860	69
1861	68
1862	68
1863	68
1864	69
1865	69
1866	68
1867	69
1868	58
1869	68
1870	66
1871	68
1872	69
1873	68
1874	66
1875	68
1876	60
1877	65
1878	68
1879	67
1880	68
1881	62
1882	69
1883	66
1884	26
1885	67
1886	68
1887	66
1888	68
1889	66
1890	67
1891	67
1892	65
1893	68
1894	68
1895	66
1896	64
1897	67
1898	67
1899	68
1900	68
1901	65
1902	68
1903	68
1904	65
1905	67
1906	68
1907	67
1908	63
1909	68
1910	68
1911	66
1912	68
1913	67
1914	67
1915	67
1916	66
1917	66
1918	67
1919	65
1920	64
1921	67
1922	67
1923	67
1924	67
1925	67
1926	67
1927	65
1928	67
1929	61
1930	67
1931	63
1932	65
1933	61
1934	67
1935	63
1936	64
1937	65
1938	64
1939	66
1940	65
1941	64
1942	65
1943	65
1944	66
1945	64
1946	66
1947	62
1948	66
1949	64
1950	56
1951	61
1952	65
1953	65
1954	63
1955	63
1956	65
1957	64
1958	64
1959	64
1960	63
1961	65
1962	65
1963	65
1964	65
1965	59
1966	65
1967	64
1968	64
1969	65
1970	62
1971	61
1972	62
1973	65
1974	64
1975	65
1976	65
1977	64
1978	65
1979	65
1980	63
1981	61
1982	65
1983	64
1984	64
1985	60
1986	64
1987	62
1988	63
1989	63
1990	64
1991	62
1992	63
1993	63
1994	64
1995	64
1996	60
1997	64
1998	64
1999	64
2000	64
2001	62
2002	52
2003	58
2004	62
2005	64
2006	63
2007	64
2008	55
2009	63
2010	63
2011	63
2012	63
2013	62
2014	63
2015	61
2016	63
2017	62
2018	63
2019	63
2020	62
2021	63
2022	62
2023	60
2024	61
2025	62
2026	63
2027	62
2028	60
2029	62
2030	63
2031	59
2032	63
2033	63
2034	62
2035	63
2036	62
2037	62
2038	62
2039	59
2040	62
2041	62
2042	61
2043	61
2044	59
2045	60
2046	62
2047	61
2048	62
2049	60
2050	62
2051	59
2052	58
2053	59
2054	58
2055	58
2056	61
2057	61
2058	60
2059	58
2060	58
2061	61
2062	61
2063	61
2064	61
2065	61
2066	58
2067	61
2068	60
2069	60
2070	60
2071	61
2072	61
2073	61
2074	60
2075	60
2076	60
2077	61
2078	60
2079	60
2080	60
2081	60
2082	60
2083	59
2084	60
2085	59
2086	60
2087	60
2088	60
2089	58
2090	60
2091	30
2092	60
2093	60
2094	60
2095	59
2096	60
2097	60
2098	60
2099	59
2100	58
2101	60
2102	60
2103	59
2104	58
2105	60
2106	60
2107	59
2108	57
2109	60
2110	58
2111	59
2112	58
2113	59
2114	60
2115	59
2116	59
2117	59
2118	58
2119	57
2120	59
2121	58
2122	58
2123	57
2124	59
2125	51
2126	57
2127	59
2128	57
2129	59
2130	59
2131	58
2132	58
2133	59
2134	59
2135	59
2136	56
2137	58
2138	59
2139	59
2140	56
2141	59
2142	57
2143	59
2144	59
2145	58
2146	57
2147	58
2148	59
2149	59
2150	58
2151	57
2152	55
2153	57
2154	58
2155	56
2156	52
2157	58
2158	58
2159	56
2160	57
2161	56
2162	58
2163	56
2164	58
2165	57
2166	56
2167	56
2168	58
2169	58
2170	58
2171	54
2172	58
2173	55
2174	57
2175	58
2176	58
2177	58
2178	58
2179	58
2180	58
2181	58
2182	57
2183	56
2184	57
2185	55
2186	57
2187	56
2188	53
2189	57
2190	56
2191	57
2192	57
2193	55
2194	56
2195	57
2196	56
2197	57
2198	55
2199	56
2200	57
2201	55
2202	57
2203	55
2204	54
2205	55
2206	56
2207	57
2208	57
2209	52
2210	57
2211	56
2212	56
2213	57
2214	57
2215	56
2216	57
2217	56
2218	57
2219	57
2220	57
2221	56
2222	54
2223	56
2224	56
2225	56
2226	55
2227	54
2228	56
2229	56
2230	56
2231	56
2232	56
2233	56
2234	56
2235	53
2236	55
2237	56
2238	56
2239	56
2240	56
2241	56
2242	56
2243	53
2244	56
2245	55
2246	56
2247	56
2248	56
2249	55
2250	54
2251	54
2252	55
2253	54
2254	54
2255	52
2256	55
2257	55
2258	54
2259	55
2260	55
2261	55
2262	55
2263	51
2264	55
2265	52
2266	54
2267	55
2268	55
2269	55
2270	54
2271	54
2272	54
2273	51
2274	55
2275	55
2276	55
2277	53
2278	50
2279	55
2280	55
2281	55
2282	55
2283	55
2284	53
2285	51
2286	52
2287	54
2288	53
2289	52
2290	53
2291	52
2292	53
2293	54
2294	54
2295	54
2296	53
2297	53
2298	53
2299	54
2300	54
2301	54
2302	54
2303	54
2304	53
2305	50
2306	53
2307	54
2308	43
2309	53
2310	50
2311	53
2312	53
2313	52
2314	51
2315	53
2316	53
2317	49
2318	53
2319	53
2320	53
2321	53
2322	52
2323	52
2324	53
2325	51
2326	53
2327	53
2328	52
2329	52
2330	52
2331	51
2332	53
2333	52
2334	51
2335	50
2336	52
2337	52
2338	52
2339	51
2340	52
2341	52
2342	52
2343	52
2344	52
2345	52
2346	52
2347	52
2348	52
2349	51
2350	52
2351	51
2352	51
2353	39
2354	51
2355	51
2356	49
2357	51
2358	52
2359	51
2360	52
2361	51
2362	52
2363	51
2364	48
2365	52
2366	52
2367	50
2368	52
2369	52
2370	47
2371	49
2372	51
2373	47
2374	50
2375	51
2376	51
2377	51
2378	51
2379	50
2380	50
2381	46
2382	51
2383	51
2384	50
2385	50
2386	50
2387	51
2388	51
2389	50
2390	51
2391	51
2392	49
2393	51
2394	48
2395	41
2396	51
2397	50
2398	51
2399	50
2400	51
2401	51
2402	51
2403	51
2404	51
2405	50
2406	50
2407	51
2408	50
2409	51
2410	51
2411	51
2412	50
2413	48
2414	50
2415	50
2416	46
2417	49
2418	50
2419	50
2420	50
2421	50
2422	49
2423	50
2424	49
2425	39
2426	47
2427	48
2428	50
2429	50
2430	48
2431	50
2432	49
2433	50
2434	50
2435	50
2436	49
2437	50
2438	49
2439	50
2440	50
2441	50
2442	49
2443	50
2444	40
2445	47
2446	48
2447	47
2448	49
2449	47
2450	47
2451	49
2452	49
2453	49
2454	40
2455	48
2456	49
2457	44
2458	48
2459	49
2460	48
2461	45
2462	49
2463	48
2464	49
2465	49
2466	49
2467	46
2468	47
2469	49
2470	48
2471	49
2472	48
2473	49
2474	48
2475	48
2476	47
2477	49
2478	49
2479	49
2480	49
2481	49
2482	48
2483	48
2484	48
2485	49
2486	48
2487	44
2488	49
2489	49
2490	48
2491	47
2492	47
2493	48
2494	48
2495	47
2496	45
2497	48
2498	47
2499	48
2500	48
2501	45
2502	47
2503	47
2504	47
2505	48
2506	46
2507	48
2508	41
2509	48
2510	45
2511	47
2512	48
2513	48
2514	48
2515	47
2516	48
2517	46
2518	48
2519	48
2520	48
2521	48
2522	47
2523	48
2524	48
2525	45
2526	48
2527	48
2528	47
2529	48
2530	48
2531	48
2532	47
2533	48
2534	47
2535	47
2536	47
2537	47
2538	47
2539	47
2540	47
2541	47
2542	47
2543	47
2544	46
2545	46
2546	47
2547	46
2548	45
2549	47
2550	46
2551	46
2552	47
2553	47
2554	45
2555	47
2556	47
2557	46
2558	47
2559	45
2560	37
2561	47
2562	47
2563	47
2564	47
2565	47
2566	46
2567	47
2568	47
2569	47
2570	46
2571	47
2572	45
2573	47
2574	46
2575	47
2576	46
2577	47
2578	47
2579	47
2580	32
2581	44
2582	42
2583	44
2584	45
2585	46
2586	46
2587	46
2588	43
2589	43
2590	46
2591	46
2592	46
2593	45
2594	46
2595	46
2596	46
2597	46
2598	44
2599	45
2600	44
2601	43
2602	46
2603	28
2604	40
2605	45
2606	45
2607	45
2608	45
2609	45
2610	45
2611	41
2612	42
2613	45
2614	43
2615	45
2616	44
2617	45
2618	40
2619	42
2620	44
2621	45
2622	42
2623	45
2624	43
2625	45
2626	45
2627	45
2628	44
2629	45
2630	45
2631	45
2632	44
2633	44
2634	45
2635	44
2636	39
2637	44
2638	43
2639	44
2640	44
2641	41
2642	43
2643	44
2644	38
2645	44
2646	43
2647	44
2648	43
2649	44
2650	44
2651	44
2652	44
2653	44
2654	44
2655	44
2656	44
2657	44
2658	43
2659	43
2660	38
2661	44
2662	44
2663	42
2664	44
2665	43
2666	41
2667	44
2668	44
2669	44
2670	44
2671	42
2672	43
2673	44
2674	44
2675	44
2676	44
2677	44
2678	43
2679	43
2680	44
2681	43
2682	44
2683	43
2684	44
2685	44
2686	44
2687	43
2688	43
2689	41
2690	43
2691	43
2692	43
2693	43
2694	41
2695	41
2696	43
2697	41
2698	42
2699	41
2700	43
2701	43
2702	43
2703	41
2704	42
2705	43
2706	43
2707	41
2708	42
2709	41
2710	43
2711	42
2712	42
2713	42
2714	43
2715	43
2716	43
2717	43
2718	41
2719	42
2720	43
2721	43
2722	43
2723	40
2724	43
2725	43
2726	42
2727	42
2728	42
2729	43
2730	43
2731	39
2732	42
2733	43
2734	43
2735	43
2736	43
2737	42
2738	43
2739	39
2740	43
2741	33
2742	42
2743	40
2744	42
2745	39
2746	41
2747	41
2748	42
2749	42
2750	42
2751	42
2752	42
2753	38
2754	42
2755	42
2756	42
2757	41
2758	41
2759	42
2760	42
2761	40
2762	42
2763	40
2764	41
2765	42
2766	42
2767	41
2768	41
2769	42
2770	42
2771	42
2772	41
2773	38
2774	41
2775	42
2776	42
2777	42
2778	39
2779	42
2780	42
2781	39
2782	41
2783	40
2784	42
2785	39
2786	40
2787	42
2788	42
2789	42
2790	42
2791	42
2792	42
2793	40
2794	39
2795	39
2796	41
2797	38
2798	40
2799	41
2800	41
2801	41
2802	40
2803	40
2804	41
2805	40
2806	39
2807	40
2808	41
2809	40
2810	41
2811	41
2812	41
2813	41
2814	40
2815	41
2816	41
2817	40
2818	41
2819	40
2820	38
2821	41
2822	41
2823	41
2824	40
2825	39
2826	41
2827	41
2828	41
2829	41
2830	41
2831	27
2832	41
2833	40
2834	41
2835	41
2836	40
2837	41
2838	41
2839	40
2840	41
2841	41
2842	41
2843	41
2844	41
2845	41
2846	41
2847	38
2848	40
2849	41
2850	41
2851	41
2852	40
2853	40
2854	41
2855	41
2856	39
2857	35
2858	41
2859	41
2860	41
2861	41
2862	39
2863	40
2864	39
2865	40
2866	40
2867	40
2868	38
2869	39
2870	40
2871	39
2872	1
2873	39
2874	40
2875	40
2876	39
2877	39
2878	40
2879	36
2880	38
2881	39
2882	40
2883	40
2884	40
2885	38
2886	39
2887	37
2888	40
2889	40
2890	38
2891	36
2892	37
2893	40
2894	40
2895	39
2896	39
2897	39
2898	39
2899	40
2900	40
2901	40
2902	37
2903	40
2904	40
2905	40
2906	39
2907	40
2908	39
2909	36
2910	40
2911	40
2912	40
2913	40
2914	40
2915	38
2916	38
2917	39
2918	39
2919	40
2920	40
2921	40
2922	38
2923	38
2924	38
2925	39
2926	38
2927	39
2928	37
2929	39
2930	39
2931	39
2932	39
2933	39
2934	38
2935	39
2936	39
2937	39
2938	37
2939	39
2940	38
2941	39
2942	39
2943	39
2944	39
2945	39
2946	39
2947	39
2948	39
2949	38
2950	38
2951	39
2952	38
2953	39
2954	39
2955	39
2956	39
2957	37
2958	39
2959	39
2960	39
2961	38
2962	37
2963	38
2964	37
2965	39
2966	39
2967	38
2968	38
2969	36
2970	39
2971	38
2972	39
2973	39
2974	39
2975	38
2976	39
2977	38
2978	37
2979	37
2980	38
2981	37
2982	37
2983	38
2984	38
2985	38
2986	37
2987	38
2988	36
2989	38
2990	38
2991	38
2992	37
2993	38
2994	38
2995	38
2996	38
2997	37
2998	38
2999	38
3000	37
3001	37
3002	38
3003	37
3004	38
3005	38
3006	38
3007	36
3008	38
3009	38
3010	38
3011	38
3012	37
3013	38
3014	38
3015	37
3016	38
3017	38
3018	38
3019	37
3020	38
3021	38
3022	38
3023	38
3024	38
3025	38
3026	38
3027	38
3028	38
3029	38
3030	37
3031	37
3032	38
3033	38
3034	36
3035	37
3036	36
3037	37
3038	37
3039	37
3040	36
3041	37
3042	37
3043	37
3044	37
3045	37
3046	37
3047	35
3048	37
3049	37
3050	37
3051	36
3052	37
3053	37
3054	37
3055	37
3056	35
3057	34
3058	37
3059	36
3060	37
3061	37
3062	36
3063	36
3064	37
3065	37
3066	36
3067	37
3068	37
3069	37
3070	37
3071	37
3072	36
3073	33
3074	37
3075	37
3076	34
3077	37
3078	35
3079	37
3080	37
3081	37
3082	36
3083	37
3084	37
3085	37
3086	36
3087	37
3088	37
3089	37
3090	37
3091	37
3092	37
3093	37
3094	37
3095	37
3096	37
3097	37
3098	35
3099	37
3100	37
3101	37
3102	34
3103	37
3104	36
3105	37
3106	35
3107	36
3108	36
3109	35
3110	32
3111	36
3112	36
3113	35
3114	35
3115	36
3116	35
3117	35
3118	36
3119	36
3120	36
3121	36
3122	34
3123	35
3124	36
3125	36
3126	35
3127	36
3128	36
3129	36
3130	35
3131	34
3132	34
3133	35
3134	35
3135	32
3136	36
3137	36
3138	34
3139	36
3140	34
3141	31
3142	36
3143	35
3144	36
3145	34
3146	35
3147	36
3148	36
3149	36
3150	34
3151	36
3152	36
3153	36
3154	35
3155	34
3156	35
3157	36
3158	36
3159	36
3160	36
3161	36
3162	36
3163	35
3164	36
3165	36
3166	36
3167	36
3168	35
3169	36
3170	33
3171	36
3172	36
3173	36
3174	36
3175	24
3176	34
3177	35
3178	34
3179	35
3180	35
3181	35
3182	34
3183	35
3184	35
3185	35
3186	35
3187	35
3188	35
3189	35
3190	35
3191	34
3192	35
3193	35
3194	35
3195	35
3196	33
3197	34
3198	35
3199	35
3200	35
3201	35
3202	35
3203	35
3204	31
3205	35
3206	34
3207	35
3208	35
3209	35
3210	34
3211	35
3212	34
3213	34
3214	35
3215	35
3216	33
3217	35
3218	35
3219	35
3220	35
3221	35
3222	35
3223	34
3224	34
3225	33
3226	35
3227	35
3228	35
3229	35
3230	35
3231	35
3232	34
3233	32
3234	35
3235	35
3236	35
3237	35
3238	35
3239	35
3240	4
3241	31
3242	35
3243	35
3244	29
3245	35
3246	34
3247	33
3248	34
3249	34
3250	34
3251	34
3252	34
3253	33
3254	34
3255	31
3256	33
3257	34
3258	33
3259	34
3260	34
3261	34
3262	34
3263	32
3264	33
3265	34
3266	34
3267	33
3268	34
3269	34
3270	29
3271	34
3272	34
3273	33
3274	34
3275	34
3276	34
3277	32
3278	34
3279	34
3280	34
3281	34
3282	33
3283	34
3284	32
3285	33
3286	34
3287	34
3288	34
3289	33
3290	34
3291	34
3292	33
3293	34
3294	34
3295	34
3296	34
3297	32
3298	34
3299	33
3300	34
3301	34
3302	33
3303	34
3304	34
3305	34
3306	34
3307	34
3308	34
3309	34
3310	33
3311	32
3312	33
3313	32
3314	31
3315	33
3316	33
3317	33
3318	33
3319	32
3320	33
3321	33
3322	33
3323	33
3324	33
3325	31
3326	33
3327	33
3328	33
3329	32
3330	33
3331	33
3332	33
3333	33
3334	33
3335	33
3336	33
3337	33
3338	32
3339	32
3340	31
3341	33
3342	33
3343	33
3344	33
3345	33
3346	33
3347	33
3348	32
3349	32
3350	33
3351	33
3352	33
3353	32
3354	32
3355	33
3356	33
3357	32
3358	33
3359	31
3360	33
3361	27
3362	33
3363	32
3364	33
3365	33
3366	32
3367	33
3368	33
3369	33
3370	33
3371	33
3372	33
3373	33
3374	32
3375	33
3376	30
3377	32
3378	32
3379	32
3380	32
3381	32
3382	32
3383	32
3384	30
3385	32
3386	31
3387	29
3388	31
3389	29
3390	30
3391	32
3392	32
3393	32
3394	32
3395	31
3396	31
3397	32
3398	32
3399	32
3400	30
3401	32
3402	32
3403	32
3404	31
3405	31
3406	32
3407	32
3408	32
3409	29
3410	31
3411	32
3412	32
3413	32
3414	32
3415	32
3416	32
3417	32
3418	32
3419	32
3420	31
3421	31
3422	32
3423	32
3424	32
3425	31
3426	32
3427	32
3428	31
3429	31
3430	32
3431	31
3432	32
3433	32
3434	32
3435	32
3436	32
3437	32
3438	29
3439	31
3440	31
3441	32
3442	32
3443	32
3444	32
3445	32
3446	32
3447	32
3448	31
3449	32
3450	32
3451	32
3452	32
3453	32
3454	31
3455	31
3456	30
3457	30
3458	31
3459	31
3460	29
3461	31
3462	31
3463	31
3464	31
3465	31
3466	28
3467	31
3468	31
3469	31
3470	31
3471	31
3472	30
3473	28
3474	31
3475	31
3476	30
3477	28
3478	31
3479	31
3480	31
3481	31
3482	31
3483	31
3484	31
3485	30
3486	31
3487	31
3488	31
3489	31
3490	31
3491	31
3492	30
3493	31
3494	27
3495	31
3496	31
3497	30
3498	28
3499	31
3500	31
3501	31
3502	31
3503	31
3504	31
3505	30
3506	31
3507	31
3508	30
3509	31
3510	31
3511	31
3512	31
3513	31
3514	31
3515	31
3516	31
3517	30
3518	31
3519	31
3520	31
3521	31
3522	31
3523	30
3524	31
3525	31
3526	31
3527	30
3528	29
3529	31
3530	30
3531	31
3532	31
3533	30
3534	23
3535	31
3536	31
3537	31
3538	30
3539	28
3540	30
3541	30
3542	29
3543	30
3544	28
3545	27
3546	30
3547	28
3548	30
3549	29
3550	29
3551	29
3552	30
3553	30
3554	30
3555	30
3556	30
3557	30
3558	29
3559	29
3560	30
3561	30
3562	28
3563	30
3564	30
3565	30
3566	27
3567	30
3568	30
3569	30
3570	30
3571	30
3572	30
3573	30
3574	30
3575	30
3576	29
3577	30
3578	30
3579	29
3580	30
3581	30
3582	28
3583	28
3584	29
3585	30
3586	30
3587	30
3588	30
3589	29
3590	30
3591	30
3592	30
3593	30
3594	30
3595	30
3596	30
3597	29
3598	30
3599	29
3600	30
3601	30
3602	29
3603	30
3604	28
3605	30
3606	30
3607	29
3608	30
3609	30
3610	28
3611	28
3612	29
3613	30
3614	30
3615	30
3616	30
3617	30
3618	29
3619	30
3620	30
3621	30
3622	30
3623	29
3624	30
3625	30
3626	30
3627	30
3628	30
3629	30
3630	30
3631	29
3632	30
3633	29
3634	30
3635	30
3636	30
3637	29
3638	30
3639	30
3640	30
3641	16
3642	28
3643	29
3644	29
3645	29
3646	29
3647	29
3648	29
3649	28
3650	29
3651	29
3652	29
3653	29
3654	29
3655	29
3656	29
3657	29
3658	29
3659	29
3660	28
3661	29
3662	28
3663	28
3664	29
3665	29
3666	29
3667	29
3668	28
3669	28
3670	29
3671	29
3672	29
3673	16
3674	24
3675	28
3676	29
3677	28
3678	29
3679	26
3680	29
3681	29
3682	29
3683	28
3684	28
3685	29
3686	27
3687	29
3688	29
3689	29
3690	29
3691	29
3692	18
3693	28
3694	29
3695	29
3696	25
3697	29
3698	29
3699	28
3700	29
3701	29
3702	29
3703	27
3704	25
3705	29
3706	29
3707	27
3708	28
3709	29
3710	29
3711	29
3712	29
3713	29
3714	29
3715	29
3716	29
3717	29
3718	28
3719	16
3720	29
3721	27
3722	27
3723	29
3724	27
3725	27
3726	28
3727	28
3728	28
3729	28
3730	28
3731	28
3732	28
3733	28
3734	28
3735	28
3736	27
3737	28
3738	27
3739	28
3740	28
3741	27
3742	28
3743	27
3744	28
3745	28
3746	28
3747	27
3748	28
3749	28
3750	28
3751	28
3752	27
3753	28
3754	26
3755	28
3756	28
3757	28
3758	28
3759	28
3760	27
3761	28
3762	28
3763	28
3764	27
3765	28
3766	28
3767	28
3768	28
3769	28
3770	27
3771	28
3772	28
3773	28
3774	28
3775	28
3776	28
3777	28
3778	28
3779	28
3780	28
3781	28
3782	27
3783	28
3784	28
3785	28
3786	28
3787	28
3788	28
3789	26
3790	28
3791	26
3792	28
3793	28
3794	27
3795	28
3796	28
3797	27
3798	27
3799	28
3800	28
3801	27
3802	28
3803	28
3804	28
3805	27
3806	26
3807	28
3808	27
3809	28
3810	28
3811	28
3812	28
3813	26
3814	27
3815	28
3816	28
3817	28
3818	28
3819	27
3820	28
3821	28
3822	28
3823	28
3824	28
3825	28
3826	28
3827	28
3828	28
3829	28
3830	27
3831	22
3832	27
3833	27
3834	27
3835	27
3836	27
3837	27
3838	27
3839	25
3840	27
3841	27
3842	27
3843	27
3844	27
3845	27
3846	27
3847	23
3848	27
3849	27
3850	26
3851	25
3852	26
3853	27
3854	25
3855	27
3856	25
3857	27
3858	27
3859	26
3860	27
3861	27
3862	27
3863	25
3864	27
3865	27
3866	25
3867	27
3868	27
3869	27
3870	26
3871	27
3872	27
3873	27
3874	27
3875	27
3876	26
3877	25
3878	27
3879	24
3880	26
3881	27
3882	27
3883	27
3884	27
3885	27
3886	27
3887	23
3888	27
3889	25
3890	25
3891	27
3892	27
3893	25
3894	27
3895	27
3896	27
3897	27
3898	26
3899	26
3900	26
3901	26
3902	27
3903	27
3904	27
3905	27
3906	27
3907	27
3908	27
3909	27
3910	26
3911	27
3912	27
3913	27
3914	27
3915	27
3916	27
3917	26
3918	26
3919	26
3920	27
3921	27
3922	27
3923	26
3924	27
3925	27
3926	27
3927	27
3928	27
3929	27
3930	27
3931	27
3932	27
3933	27
3934	27
3935	27
3936	27
3937	22
3938	18
3939	26
3940	25
3941	25
3942	25
3943	26
3944	26
3945	26
3946	26
3947	26
3948	24
3949	26
3950	26
3951	26
3952	26
3953	26
3954	26
3955	26
3956	26
3957	26
3958	26
3959	24
3960	26
3961	26
3962	26
3963	26
3964	25
3965	26
3966	26
3967	26
3968	26
3969	26
3970	25
3971	24
3972	26
3973	26
3974	26
3975	26
3976	26
3977	26
3978	26
3979	26
3980	26
3981	26
3982	25
3983	26
3984	26
3985	26
3986	25
3987	23
3988	25
3989	26
3990	26
3991	25
3992	26
3993	26
3994	25
3995	25
3996	26
3997	26
3998	25
3999	26
4000	26
4001	26
4002	26
4003	24
4004	26
4005	26
4006	26
4007	26
4008	25
4009	26
4010	26
4011	26
4012	26
4013	25
4014	26
4015	26
4016	24
4017	25
4018	26
4019	26
4020	23
4021	26
4022	26
4023	25
4024	26
4025	26
4026	26
4027	26
4028	26
4029	26
4030	26
4031	25
4032	26
4033	26
4034	26
4035	25
4036	26
4037	26
4038	26
4039	26
4040	26
4041	25
4042	25
4043	25
4044	25
4045	25
4046	24
4047	25
4048	25
4049	22
4050	25
4051	25
4052	24
4053	25
4054	23
4055	24
4056	25
4057	25
4058	25
4059	25
4060	24
4061	24
4062	25
4063	24
4064	25
4065	25
4066	25
4067	25
4068	23
4069	25
4070	25
4071	23
4072	24
4073	25
4074	24
4075	23
4076	24
4077	25
4078	25
4079	24
4080	25
4081	25
4082	25
4083	25
4084	25
4085	25
4086	25
4087	25
4088	25
4089	25
4090	25
4091	25
4092	24
4093	25
4094	25
4095	24
4096	24
4097	25
4098	23
4099	25
4100	25
4101	21
4102	24
4103	25
4104	24
4105	25
4106	25
4107	25
4108	25
4109	25
4110	24
4111	25
4112	24
4113	24
4114	25
4115	25
4116	24
4117	25
4118	25
4119	25
4120	25
4121	24
4122	25
4123	24
4124	24
4125	25
4126	25
4127	25
4128	25
4129	25
4130	25
4131	25
4132	25
4133	25
4134	25
4135	25
4136	25
4137	25
4138	25
4139	25
4140	21
4141	24
4142	25
4143	25
4144	25
4145	10
4146	11
4147	23
4148	23
4149	24
4150	23
4151	24
4152	23
4153	24
4154	24
4155	24
4156	23
4157	24
4158	24
4159	23
4160	24
4161	24
4162	24
4163	23
4164	23
4165	24
4166	24
4167	24
4168	24
4169	24
4170	23
4171	24
4172	24
4173	24
4174	24
4175	23
4176	24
4177	24
4178	24
4179	23
4180	24
4181	24
4182	24
4183	24
4184	24
4185	24
4186	24
4187	24
4188	23
4189	24
4190	24
4191	24
4192	24
4193	24
4194	24
4195	24
4196	24
4197	23
4198	23
4199	19
4200	24
4201	24
4202	23
4203	24
4204	22
4205	24
4206	24
4207	23
4208	24
4209	23
4210	24
4211	24
4212	24
4213	24
4214	24
4215	23
4216	24
4217	24
4218	24
4219	24
4220	24
4221	23
4222	21
4223	24
4224	24
4225	24
4226	24
4227	24
4228	24
4229	24
4230	24
4231	23
4232	24
4233	24
4234	24
4235	24
4236	23
4237	24
4238	22
4239	24
4240	24
4241	23
4242	24
4243	24
4244	24
4245	22
4246	24
4247	24
4248	24
4249	23
4250	23
4251	24
4252	24
4253	24
4254	23
4255	24
4256	24
4257	24
4258	24
4259	24
4260	24
4261	24
4262	23
4263	24
4264	24
4265	24
4266	23
4267	24
4268	24
4269	24
4270	24
4271	24
4272	24
4273	21
4274	24
4275	24
4276	24
4277	24
4278	24
4279	24
4280	24
4281	24
4282	24
4283	24
4284	24
4285	24
4286	22
4287	23
4288	23
4289	21
4290	23
4291	23
4292	23
4293	23
4294	23
4295	23
4296	23
4297	20
4298	23
4299	22
4300	22
4301	23
4302	23
4303	23
4304	23
4305	22
4306	23
4307	23
4308	22
4309	23
4310	23
4311	23
4312	23
4313	22
4314	23
4315	23
4316	23
4317	23
4318	23
4319	22
4320	23
4321	23
4322	23
4323	23
4324	22
4325	22
4326	23
4327	21
4328	20
4329	22
4330	23
4331	21
4332	23
4333	22
4334	23
4335	23
4336	23
4337	21
4338	23
4339	23
4340	22
4341	23
4342	23
4343	23
4344	23
4345	23
4346	23
4347	22
4348	22
4349	23
4350	23
4351	23
4352	23
4353	23
4354	21
4355	23
4356	23
4357	23
4358	23
4359	23
4360	23
4361	23
4362	23
4363	23
4364	23
4365	22
4366	22
4367	23
4368	23
4369	23
4370	23
4371	21
4372	20
4373	23
4374	23
4375	23
4376	21
4377	22
4378	22
4379	22
4380	23
4381	23
4382	23
4383	22
4384	23
4385	23
4386	23
4387	23
4388	23
4389	23
4390	22
4391	23
4392	23
4393	23
4394	23
4395	23
4396	22
4397	22
4398	23
4399	23
4400	21
4401	23
4402	23
4403	23
4404	23
4405	23
4406	23
4407	23
4408	23
4409	23
4410	22
4411	23
4412	23
4413	23
4414	22
4415	23
4416	22
4417	22
4418	23
4419	22
4420	23
4421	23
4422	23
4423	23
4424	23
4425	23
4426	23
4427	22
4428	23
4429	23
4430	22
4431	22
4432	19
4433	22
4434	21
4435	22
4436	20
4437	22
4438	21
4439	22
4440	22
4441	22
4442	22
4443	22
4444	22
4445	22
4446	22
4447	22
4448	22
4449	21
4450	22
4451	22
4452	22
4453	22
4454	22
4455	21
4456	22
4457	22
4458	21
4459	22
4460	21
4461	22
4462	22
4463	22
4464	21
4465	22
4466	21
4467	22
4468	22
4469	21
4470	22
4471	22
4472	22
4473	22
4474	22
4475	22
4476	22
4477	22
4478	22
4479	22
4480	22
4481	22
4482	22
4483	22
4484	21
4485	22
4486	20
4487	22
4488	9
4489	21
4490	20
4491	22
4492	22
4493	21
4494	22
4495	22
4496	21
4497	22
4498	22
4499	22
4500	22
4501	21
4502	22
4503	21
4504	20
4505	22
4506	20
4507	22
4508	21
4509	22
4510	19
4511	22
4512	21
4513	22
4514	21
4515	22
4516	22
4517	21
4518	22
4519	22
4520	20
4521	21
4522	22
4523	22
4524	21
4525	22
4526	22
4527	22
4528	21
4529	22
4530	21
4531	22
4532	22
4533	20
4534	22
4535	22
4536	22
4537	22
4538	22
4539	22
4540	22
4541	21
4542	22
4543	22
4544	21
4545	22
4546	22
4547	21
4548	22
4549	22
4550	22
4551	20
4552	22
4553	22
4554	22
4555	22
4556	22
4557	22
4558	22
4559	21
4560	22
4561	21
4562	21
4563	22
4564	21
4565	21
4566	21
4567	22
4568	22
4569	22
4570	22
4571	22
4572	22
4573	22
4574	22
4575	22
4576	22
4577	22
4578	22
4579	22
4580	22
4581	22
4582	22
4583	21
4584	21
4585	22
4586	22
4587	21
4588	22
4589	22
4590	22
4591	22
4592	22
4593	22
4594	22
4595	21
4596	22
4597	22
4598	20
4599	20
4600	21
4601	20
4602	21
4603	21
4604	21
4605	21
4606	21
4607	21
4608	21
4609	21
4610	21
4611	20
4612	21
4613	21
4614	20
4615	20
4616	21
4617	19
4618	21
4619	20
4620	21
4621	21
4622	21
4623	20
4624	21
4625	21
4626	21
4627	20
4628	21
4629	21
4630	21
4631	21
4632	21
4633	21
4634	21
4635	19
4636	21
4637	21
4638	21
4639	21
4640	20
4641	21
4642	20
4643	21
4644	21
4645	21
4646	20
4647	21
4648	21
4649	19
4650	21
4651	19
4652	20
4653	20
4654	21
4655	21
4656	20
4657	20
4658	21
4659	21
4660	21
4661	21
4662	21
4663	21
4664	21
4665	21
4666	21
4667	21
4668	20
4669	19
4670	21
4671	20
4672	20
4673	20
4674	21
4675	21
4676	21
4677	21
4678	21
4679	21
4680	19
4681	21
4682	21
4683	21
4684	21
4685	21
4686	21
4687	21
4688	20
4689	20
4690	21
4691	21
4692	21
4693	21
4694	21
4695	21
4696	21
4697	21
4698	21
4699	21
4700	21
4701	21
4702	21
4703	20
4704	21
4705	21
4706	21
4707	20
4708	21
4709	20
4710	21
4711	20
4712	21
4713	21
4714	21
4715	21
4716	21
4717	20
4718	21
4719	21
4720	20
4721	21
4722	21
4723	21
4724	21
4725	21
4726	21
4727	20
4728	21
4729	21
4730	21
4731	20
4732	21
4733	21
4734	20
4735	21
4736	21
4737	21
4738	21
4739	20
4740	21
4741	21
4742	20
4743	21
4744	21
4745	20
4746	20
4747	21
4748	20
4749	21
4750	21
4751	21
4752	21
4753	21
4754	21
4755	21
4756	19
4757	21
4758	21
4759	21
4760	19
4761	21
4762	21
4763	20
4764	21
4765	21
4766	21
4767	4
4768	16
4769	20
4770	20
4771	19
4772	20
4773	17
4774	20
4775	19
4776	20
4777	20
4778	19
4779	20
4780	20
4781	20
4782	19
4783	17
4784	20
4785	20
4786	20
4787	20
4788	20
4789	20
4790	20
4791	20
4792	20
4793	20
4794	19
4795	20
4796	20
4797	20
4798	20
4799	20
4800	20
4801	18
4802	20
4803	20
4804	20
4805	19
4806	20
4807	20
4808	20
4809	20
4810	19
4811	20
4812	20
4813	19
4814	19
4815	19
4816	20
4817	20
4818	20
4819	20
4820	20
4821	20
4822	19
4823	20
4824	20
4825	18
4826	20
4827	20
4828	20
4829	20
4830	20
4831	20
4832	20
4833	20
4834	18
4835	19
4836	20
4837	19
4838	20
4839	20
4840	20
4841	20
4842	20
4843	20
4844	18
4845	20
4846	20
4847	20
4848	20
4849	20
4850	20
4851	18
4852	20
4853	20
4854	20
4855	20
4856	20
4857	20
4858	20
4859	20
4860	20
4861	20
4862	20
4863	20
4864	20
4865	19
4866	20
4867	20
4868	17
4869	20
4870	19
4871	20
4872	19
4873	20
4874	20
4875	20
4876	20
4877	20
4878	19
4879	19
4880	20
4881	20
4882	20
4883	20
4884	20
4885	20
4886	20
4887	20
4888	19
4889	20
4890	20
4891	20
4892	20
4893	20
4894	18
4895	20
4896	20
4897	20
4898	20
4899	17
4900	20
4901	20
4902	20
4903	20
4904	20
4905	20
4906	20
4907	19
4908	19
4909	18
4910	19
4911	20
4912	20
4913	19
4914	20
4915	20
4916	18
4917	20
4918	20
4919	20
4920	20
4921	20
4922	20
4923	19
4924	20
4925	20
4926	20
4927	20
4928	20
4929	20
4930	20
4931	20
4932	20
4933	19
4934	20
4935	18
4936	20
4937	20
4938	20
4939	20
4940	20
4941	15
4942	19
4943	20
4944	15
4945	19
4946	19
4947	19
4948	19
4949	18
4950	19
4951	19
4952	19
4953	19
4954	19
4955	17
4956	19
4957	18
4958	19
4959	19
4960	19
4961	18
4962	19
4963	19
4964	19
4965	19
4966	19
4967	19
4968	19
4969	19
4970	18
4971	18
4972	18
4973	19
4974	19
4975	19
4976	19
4977	17
4978	19
4979	19
4980	19
4981	19
4982	19
4983	18
4984	18
4985	19
4986	19
4987	19
4988	19
4989	19
4990	18
4991	19
4992	19
4993	19
4994	19
4995	18
4996	19
4997	19
4998	14
4999	19
5000	19
