975900	0
10408933	0
171005	0
77856	1
612710	0
156558	0
1364293	0
261237	0
12008535	0
4951456	0
5708633	0
12053509	0
7364373	0
7028314	0
12788657	0
3873713	0
164387	0
24282217	0
7767613	0
164388	0
22985953	0
3550323	0
1765938	1
1305819	0
1031231	0
6305925	0
196176	0
748616	0
31505444	0
336846	1
3033993	0
103021	0
1940449	0
6703617	1
362719	1
4459059	0
3681139	0
5549065	1
171058	0
2608958	1
2546429	0
31686022	0
24416479	0
12490207	0
3883051	0
1033297	1
207680	1
1858682	0
7235116	0
5254729	0
19168185	0
27504492	0
20506905	0
6004372	0
12091274	0
7582987	0
24021571	0
1226289	0
3475071	0
44218	0
7752732	0
3809621	0
1307956	0
2216254	0
28530363	0
30548208	1
1964091	1
6721185	0
3917900	0
22358819	1
706803	1
20206687	0
1851703	0
3917873	0
444919	0
3670013	0
11599737	0
1033477	0
24300269	0
28010827	0
1097249	0
6973699	0
33096336	0
9104619	0
24207129	0
4572965	0
5884079	1
399402	1
22224559	1
22342112	0
4836072	1
2121431	0
736262	0
4360088	0
5240350	0
32066330	1
18195326	0
12095072	0
27383563	1
5565338	0
6244632	0
1231856	1
1612686	0
31707381	0
5080311	0
8948959	0
8610844	0
2028217	0
14613957	0
4724834	0
34055313	0
1157158	0
16647548	0
3028248	0
4501185	0
5877719	0
3059075	0
142274	0
26149260	0
1871167	0
18487239	0
1217079	0
10088120	0
1472852	1
6846215	1
13194784	0
12180811	0
5566878	0
5876575	0
1480748	0
2023704	1
1480747	0
683122	1
9457642	0
26723356	0
7351283	0
8219325	1
62688	0
468356	0
1238065	0
570743	1
504242	0
129295	1
256337	1
933349	0
8987889	0
10344059	0
9088886	1
5257643	0
3511253	1
7024876	0
580994	0
20700559	1
5329751	0
7641358	0
20629940	0
221489	0
9906067	0
103022	0
2236141	0
2080306	0
2002258	0
1481638	0
18065848	0
1598832	0
2261407	0
8719979	0
3158499	0
26554437	1
22578492	0
4600218	0
31404359	0
1853602	0
327427	0
6987479	0
2292864	0
154635	0
685987	1
8499528	0
1663320	0
74868	0
25411775	0
4605171	0
22486844	0
8695	0
14291637	1
275547	0
28042876	1
31351	0
9340076	0
8700683	1
3176181	0
1380482	0
1456329	1
25496318	0
12585204	0
1488066	0
36353797	0
30575	1
33146132	0
4278437	0
685721	0
142443	0
8964541	0
43307	1
366111	1
9459581	0
8997652	0
7421446	0
25871790	0
7482786	0
445066	1
4340789	0
4788925	0
29631957	0
31958696	0
46505	1
7482708	0
3112996	0
706860	0
2262096	0
992455	0
770083	0
4406314	0
8850105	1
2651593	0
31231485	0
30854972	0
1282593	0
24373655	0
17247457	0
12260258	0
32424995	0
2100492	1
23734853	0
10183625	0
161452	0
993791	1
113454	0
5955514	0
6961461	1
3727473	0
680361	1
19787914	1
17008283	0
359571	0
22144721	1
10940332	0
165106	0
19024526	0
2609169	0
24515495	0
3710183	0
142457	1
10915095	0
186856	1
21242801	0
92582	0
16955791	0
12746610	0
31839719	0
32376025	0
607444	1
8983787	0
1380313	0
25981715	0
30204919	0
1345561	0
2941852	0
6446044	1
17657295	0
3333	1
365039	1
3662683	0
1353277	0
28763446	1
5082327	0
2476317	0
11448113	0
4515733	0
6179154	0
2296056	1
26537809	0
31417999	0
226198	1
29890894	0
2795282	0
2196420	0
11455154	0
7081414	0
944471	0
102026	0
14169361	0
4213154	0
7771844	0
703687	1
8464511	0
34611699	0
9478308	0
22438706	0
1032643	0
10377382	0
476640	0
18555435	0
2043990	0
545187	1
492540	0
2964227	0
22667247	0
4186478	0
14104063	0
277710	1
146947	1
22751	0
27063955	0
14421091	0
3979809	0
27504596	0
441280	0
2501824	0
1164551	0
10466696	0
70428	0
5620636	0
12665133	0
26030961	0
2448736	0
23982633	0
16395026	0
6480541	0
447255	0
36353754	0
28722503	1
3343617	0
4940876	0
1749093	1
29373289	1
2117473	0
27451281	1
12267883	0
25452802	0
2045991	0
30413435	0
1638112	0
29034714	0
8620409	0
22995027	0
61501	0
2352505	0
2772142	0
3450583	1
7362782	0
1136182	0
11195154	0
6342627	0
2485103	0
532618	1
26978561	0
3374650	0
6976850	0
9723255	0
10806577	0
7160018	0
26514248	0
920613	1
2372994	1
10499315	0
22318957	0
2513887	0
5843155	0
2165760	0
6954370	0
4179778	0
2037403	0
60164	0
32683873	1
26640605	0
22291276	0
3869472	0
10815122	0
2200771	0
7330661	1
10061978	1
1356982	1
3934285	0
1073955	1
3920193	1
5800622	0
1364770	1
4143719	0
541642	1
2528212	1
2082089	0
10328139	0
23961650	0
201448	1
350629	0
4018828	1
709318	1
21404478	0
320502	0
20472949	0
320500	0
12929714	0
9822793	0
129602	1
6257968	1
2929705	0
243204	0
633832	0
5305513	0
2763233	0
1232511	0
2311219	1
1118809	1
27756613	0
3007634	0
23135176	1
76335	0
561315	0
2302751	0
3096943	0
4694464	0
1751944	0
22267013	0
2506848	0
16125220	0
26342915	0
897540	0
26717073	1
12433713	0
18098742	0
369682	1
26137623	0
9415710	0
1056686	0
3681867	0
32832973	0
1041202	0
36190244	0
18949985	0
24771643	0
979825	0
11745593	0
18798887	0
18571859	1
2295405	0
1054845	0
30607472	0
1278961	0
887457	1
2885102	0
29358654	0
6446874	0
1830725	1
8938294	0
18599377	0
1358544	0
20370386	0
4440277	0
4586623	0
8055976	0
4857566	0
2522220	0
3978163	1
30407971	0
8929476	0
1062036	0
26138037	0
1044875	1
213471	0
30865203	0
14170318	0
31403745	0
23652051	1
2032676	0
6492614	1
1102282	0
23594997	1
32869134	0
14790659	1
11697273	0
17365387	0
3671998	0
27511014	0
3840504	0
6090730	1
2571604	1
15726696	1
5579762	0
2814516	0
534778	0
24978786	0
20535192	0
347235	0
23784006	1
30553238	1
18716845	0
20688153	1
31371925	0
6767366	0
15122117	1
1129583	1
648921	1
2825783	0
644845	0
1544670	0
16751513	0
174560	0
10827382	0
2887314	0
2932827	0
14812466	0
73460	1
1898116	1
9907431	0
33382022	0
16072264	0
9309429	0
21427848	0
1357356	0
3140828	0
8753860	0
31192915	0
945305	0
12361350	0
842825	0
12839891	0
17404922	0
13861985	0
26968376	0
1681132	1
1660125	0
2254896	0
12099955	0
2372989	0
35766264	0
6218427	0
2701438	0
21032415	0
13814165	1
19583175	0
2706104	0
876592	0
1631497	1
36243056	0
34480764	1
2547451	0
1524596	1
27754718	1
5010137	0
12985644	0
14281865	0
3569329	0
633883	1
323715	1
3105139	1
13013743	0
31667694	0
21088389	1
8776448	0
1848371	1
231829	1
948223	0
1745419	0
705267	0
3606413	0
10206962	0
624505	0
2450545	0
28847751	0
2705562	0
27328338	0
23716980	0
31754231	1
20669402	0
921891	1
4399897	0
15703454	0
876872	1
35874076	1
31272988	1
443556	1
8284347	0
798584	0
2623071	0
573304	0
1853921	1
886892	0
303847	0
5721992	1
6443785	0
11505804	0
2241842	0
1570843	0
833502	0
9653770	0
34600874	0
818002	1
2137591	0
27490108	0
23092448	1
9315177	0
6095252	0
24652963	0
339526	0
961777	0
2541839	1
98508	0
5920233	0
8538110	0
5883086	0
10753947	1
7400070	0
3422774	0
98506	0
14795399	0
1267713	1
26428662	0
2159529	1
565318	1
6034681	0
1384107	1
2559661	0
600194	0
3238135	0
14872132	0
50957	1
2037842	0
1655618	0
23266073	1
24228929	1
189776	0
31918569	0
28174450	1
26188042	0
19221106	0
17366149	0
24201336	0
4434274	0
133622	0
1380618	0
2886036	1
3584478	0
450634	1
3412648	1
2129381	1
2647404	0
2074330	0
26488721	0
2055559	0
16102322	0
8880229	0
238906	0
26316286	0
6934510	0
2354228	0
13399638	0
1223359	0
10612031	0
4760936	1
12131002	0
13264461	0
1011468	1
31893898	0
3447166	0
3842309	1
29499533	0
431562	1
2676861	0
5256717	0
16749397	0
1519783	1
23461433	0
33946021	0
14281617	0
164365	1
7651220	0
2518695	0
1710716	1
3371111	0
29434234	1
227291	1
129368	1
25430565	0
2018921	1
21380964	0
17082042	0
5549799	0
2473101	1
1412408	0
4731904	0
27731736	1
28387210	0
16143062	0
23883858	1
68124	1
9251754	0
3471023	0
1474328	1
29585929	0
22430724	1
171559	0
1344253	1
468326	1
20509157	0
3699824	0
3038038	1
916576	0
24013376	0
7657211	0
1588930	0
4228739	0
2162986	1
348292	0
1316128	0
8705561	0
168498	0
214783	0
4073660	0
5807082	1
2520368	0
529276	1
10533451	0
10640380	0
17294536	0
5578994	0
20926831	0
30329264	0
3871584	0
1076567	0
430216	0
1010466	0
35575079	0
187720	0
18243264	0
75255	0
9782726	0
22628938	0
29296535	0
706047	1
3677015	1
20906855	0
3059082	0
24731602	0
1841530	0
35654419	0
12191026	0
18943833	1
5588165	0
897481	0
1377427	1
210224	1
19105706	0
5813191	0
4681364	0
12000999	1
13631232	0
4299486	0
5566494	0
779536	0
3591801	0
1792785	0
2973523	0
2871613	1
24709102	0
29130076	0
394792	0
32411644	0
3145613	0
21231406	0
7463646	0
858575	1
73376	0
1848081	0
33757147	0
4926508	0
1035959	1
5702474	0
716738	1
454655	1
434738	0
61160	0
2396120	0
20238479	0
1598996	0
32790377	0
1485962	1
1942317	1
2958168	0
9391085	1
33245032	0
2546472	0
1291587	0
2161511	0
20541936	0
236122	1
11253233	0
5579274	0
14727566	0
3635829	0
10189121	0
26723019	0
2461592	1
11671832	0
1430376	0
28648635	1
29170556	0
14828868	0
30872649	0
30273553	1
314775	0
12764922	0
13920598	1
3037303	0
18895020	0
6578384	0
1975939	0
21742948	0
7255312	1
17726219	0
805053	0
31795894	1
12375241	0
2241866	0
2190622	1
22044760	0
26695339	1
1329111	0
525270	1
9661361	0
17997162	1
7643463	0
2298243	0
5083366	0
24563042	0
12765279	0
6856644	0
465470	1
1679437	0
8781770	0
18593635	0
5352769	0
29502933	0
19011948	0
27792643	0
15516110	0
27434686	0
8964687	0
32340746	1
1176717	0
1962219	0
6632229	0
6559110	0
286850	0
576204	0
2426058	0
870946	1
25757091	0
9823573	0
1235519	0
13473620	0
1123132	0
338849	0
34312285	1
1820344	0
5570618	0
7893461	0
27384074	0
10249080	1
5579355	0
1863523	0
1072075	1
6575053	0
1503652	0
3292569	0
473253	1
224224	0
348449	1
28794755	0
23968261	0
707823	0
1376896	0
30400320	0
4440305	0
2002403	0
61049	0
3649048	0
16937946	0
5336170	0
2108445	0
1486573	0
173944	1
17578623	0
2935497	1
20513862	0
19942818	1
193867	0
10035818	0
8633676	0
9897904	0
31905391	1
2075820	0
3368653	0
1409356	1
2637077	1
2815064	0
5893524	0
6097745	0
722551	0
20072102	0
30448518	0
2233095	1
1032620	1
7892732	1
28480541	0
1740284	0
2010489	0
4981484	0
15120787	0
1801788	0
33887035	1
587507	0
1883157	0
3396134	0
99459	1
35432986	0
8448026	0
3228403	0
15161999	1
402866	1
20185209	0
23141724	0
15815398	0
23555063	0
24854885	0
511228	1
3193295	0
32791398	0
11715286	0
2572919	1
1389264	0
27087967	0
34611534	0
29007186	1
2313660	0
1188061	0
3952475	0
25737142	1
35729649	0
957792	1
3256132	0
2245886	1
2282187	0
2387927	0
33577424	1
1239400	1
25183229	0
7455727	0
31941863	0
172577	1
171522	0
4429283	0
24445186	1
15332396	1
574909	0
5638447	0
103026	1
8675614	0
1052246	0
277667	1
76366	0
2673183	0
2810158	1
187616	0
9377241	0
2955883	0
3673758	0
890407	0
28272795	1
26931217	1
9317122	0
17816459	0
1172977	0
2236324	1
187010	1
30874145	0
193854	0
19887961	0
2542108	0
14482638	1
1180124	0
3918828	0
25893091	0
15497901	0
950429	0
8057560	0
3602324	0
364541	0
29471340	1
26581256	1
3206129	0
1218494	0
1897341	1
5788437	1
3947	0
8146797	0
7378213	0
14864488	0
16732594	0
30643953	0
1636672	0
4211962	0
146908	0
21064505	0
20109381	0
1498491	0
11929259	0
2259388	0
26178788	0
2345044	0
14329804	0
12459069	0
1040736	0
29027165	0
5374465	1
6559480	0
1722156	1
22777559	0
42507	1
15248380	0
26200483	0
11347793	0
1129041	1
4410141	1
33040230	0
1578168	0
577663	0
996094	0
747689	0
3383848	0
26889567	0
22799606	0
17437774	0
1156559	0
4476914	1
919005	0
113442	0
570428	0
3752065	0
3213906	0
11639973	0
24449669	0
4358039	0
30081969	0
35342638	0
19824573	0
18050522	0
35540180	0
4923868	0
884742	0
2609817	0
9236773	0
16706073	1
3703551	0
6143584	0
4286886	0
1317604	1
1330877	0
3912186	0
2216322	0
18305011	0
2122517	1
5101168	0
9990262	1
471370	1
2002320	0
12485800	0
1662573	0
5649318	0
27702708	1
31051087	0
246556	0
1605320	0
5098517	0
1148228	0
6392129	0
2202963	1
667372	1
14688795	0
1181830	0
2216810	0
32693221	0
638349	0
113436	0
1880706	1
51906	0
18953471	1
3578336	0
1353062	0
11526346	0
8743877	0
18097901	0
30581608	0
17284460	0
2207640	0
168483	0
205512	0
36291706	0
6011641	0
13174839	0
3751746	0
31228502	0
55325	1
13506326	0
2667958	0
772732	1
5224	0
155921	0
73875	1
343404	0
286893	0
13370664	0
7927833	0
983731	0
32898123	0
9932614	0
5570745	0
3881308	0
670386	1
6446062	1
213251	1
7426998	0
31855265	0
213246	1
1649568	0
1202791	0
6043918	0
431251	0
12456476	0
2087090	0
2175063	0
106359	1
5574594	1
49800	1
768808	0
10090870	0
156745	1
709369	0
2396904	0
22994083	0
17441828	0
5454803	0
17685541	0
2485659	0
18188932	0
2083607	0
32002101	0
509676	0
12117643	0
9533592	0
5638157	0
381543	0
418598	0
1682805	1
235418	1
1443093	0
10536985	0
8972250	0
1744593	1
10483931	0
6341430	0
845738	0
6641931	1
1530085	0
9776692	0
3634311	1
72453	1
5498661	0
7362741	0
4541896	0
5541172	0
622993	0
6415841	0
20847232	0
9795798	0
4637428	0
6527176	0
1034719	0
9125100	0
5980485	0
12426930	0
36329343	0
26425120	0
7977308	0
28429079	0
5095233	1
5028682	0
6304360	0
15958674	0
277666	0
9731588	0
6610209	0
25698427	1
4846576	0
24083094	1
23126212	0
2154438	0
7766450	0
8644317	0
9567718	0
4032170	0
1673514	1
13248713	0
3626050	1
816862	1
236283	0
1842500	0
1059280	1
28732628	0
1312584	1
2411131	0
7261333	1
31775043	1
24642031	0
7693284	0
2493454	0
76361	1
19096833	0
1031292	1
4750927	1
6859404	0
935425	0
4933146	1
2574924	1
6937139	0
957928	1
2087781	0
1468099	0
2648352	0
14106445	0
15225682	0
1617266	0
29943	1
3640544	0
2236330	0
957942	1
14306511	0
6729041	0
301314	1
797330	0
1093364	0
6746147	0
26525959	0
1881893	1
1675523	1
5387833	0
1533664	0
32655915	0
4845539	0
567508	0
17298593	1
12685170	0
2115510	1
23833499	0
2378208	0
5080099	0
4894283	0
14373082	0
1646067	0
1549716	0
594488	0
22304155	0
7523896	0
1506297	0
1283050	0
239009	0
1120730	1
8851344	1
242104	0
20179415	1
34569548	0
643850	0
1599864	0
887135	0
3225410	0
1823450	0
2304640	0
5884622	0
20955374	0
9507768	0
4517361	0
456588	1
456587	0
3723947	1
209549	0
5097628	0
25092646	0
276070	0
992451	1
2657861	0
871080	1
4110734	0
739286	1
6713041	0
12925911	1
2513894	1
633531	0
26340083	0
4485137	0
12573816	0
6978596	0
10746393	1
90684	0
23893107	0
736222	0
24083267	0
9085417	0
1405743	0
1255024	0
16352214	1
3823023	0
26711156	0
21762864	1
106262	1
5315100	1
167924	1
12181074	0
4743333	0
12094338	0
2565462	0
3194428	0
12135919	0
16044362	1
22735303	0
2666318	0
1492870	0
1042090	0
22447758	1
26255812	0
538455	1
2430261	0
936787	0
71415	0
320496	1
26112363	0
287767	1
25399151	1
1072763	0
27202558	0
2417326	0
4949692	0
27306875	0
30750975	0
2236976	1
8427485	1
2374501	0
3260698	1
1056696	0
2407193	0
1189767	0
217783	0
18185224	0
281069	1
153435	1
24473950	1
17323415	1
25952444	0
33058811	0
1456011	0
34082405	0
3690283	0
19816863	0
129585	1
746845	1
4704156	0
161450	0
766846	0
202652	1
7271954	0
858597	0
8931289	0
239587	1
312757	1
24225279	0
239589	1
301574	1
466340	1
26099108	0
4093538	0
5720909	0
4139688	0
244610	1
8368963	0
1135295	1
707151	0
1321163	0
2564151	0
16839300	1
76390	1
76383	1
2657943	0
11361834	0
2330988	1
13609396	0
1940533	1
163451	0
22834770	0
13161775	0
25202200	0
673694	1
201553	0
1411408	0
1205027	1
4227	0
2312801	0
1673325	0
2317340	0
307604	0
12752776	1
1235054	0
2946788	0
27639550	0
6593182	1
17995856	0
149748	0
1685440	1
8760676	0
21132240	0
25948394	0
5419425	0
15738234	0
1591883	0
34328420	0
302970	1
2648735	0
34521846	0
8258100	0
7534925	0
1438861	0
1591874	0
5511248	1
22242521	0
2217354	0
299016	0
28425804	1
680337	1
313002	0
21922672	0
12995896	0
823939	0
24427315	0
2170031	0
16644875	0
24066535	0
13422867	0
24314116	1
163438	1
12424828	0
2638362	0
20996974	1
133480	1
12894844	0
28203472	0
9183822	0
1009516	0
23830211	0
5452217	0
3248340	1
2823903	0
2680994	0
5083763	0
1997163	0
190416	0
518615	1
1448684	1
612052	1
179044	1
33534917	0
157239	1
1615355	0
34409847	1
426761	0
1383548	0
6000525	0
5664888	0
619964	0
1238514	1
3858746	1
26042450	0
74375	0
103029	0
172299	0
571311	0
3217	0
31091773	0
32026934	0
5016250	1
12606584	0
1399289	1
23286957	1
24645753	0
9401743	0
3020135	0
9129701	0
26586461	1
296377	0
14920398	0
6028806	0
34137688	0
474571	0
75263	0
8737659	1
3602237	0
6720263	0
6076402	0
8365100	0
18077213	0
11222156	1
600235	0
639319	1
2592742	0
2272403	0
12333653	0
677929	0
9985703	0
30695973	1
2037852	0
288303	1
481649	1
27356642	0
187100	0
2251266	1
2529009	0
1232088	0
797798	1
2649791	0
535335	1
277149	1
31514071	0
3014342	0
3936140	1
212090	0
33446226	1
914988	1
2541685	0
29000018	0
8619442	0
9110934	0
295757	0
3388805	0
29437721	0
415156	1
12232008	0
21153376	1
4865862	0
737803	1
31009222	1
4543239	0
591310	0
5106720	0
470943	0
11073258	0
8615612	0
18935792	0
1755731	1
348737	1
25526521	0
2421561	1
1369060	0
1091175	0
3246234	0
12235107	0
1055920	0
1983207	0
34382439	0
4886461	0
24841297	1
3037944	1
13053911	1
1374201	0
10603823	0
3911312	1
1514718	0
27872044	0
1843039	0
22837134	0
11500423	0
28315554	0
617063	1
13241487	0
536521	0
34541508	0
617066	1
17974588	0
5791363	0
12481451	0
3210646	0
31820610	0
17101981	1
2198959	1
2310825	0
232711	1
25910532	0
1499129	1
2313186	0
15856289	0
605676	0
1851374	0
23248342	0
30006	1
5215498	0
9104588	0
2216309	0
7276550	0
5649438	0
50744	1
3831825	0
1047463	1
21043028	0
3477126	0
29424022	0
4650848	0
25244870	1
692772	1
4633684	0
6752032	0
16928777	0
2993846	0
8945459	0
16091743	0
2811955	1
9544391	0
99304	1
7046343	0
8208221	0
15656621	1
11206971	0
479457	1
856716	1
1727946	0
5096064	0
4155050	1
14384820	1
23923293	0
677389	0
2759477	1
26393733	0
20004625	0
1961084	1
25011726	0
3904788	0
563176	0
603557	0
3329130	0
4628762	0
296252	0
2899225	0
33629922	0
4380331	0
255194	0
616786	0
21133929	0
181229	0
9264341	1
12732451	1
29679260	1
14946143	0
74381	0
1128240	1
13439139	1
448331	0
876728	1
2305746	1
74387	0
21664269	0
748953	0
678080	0
5222282	0
10506215	0
1032266	0
10873860	0
11063523	0
6276691	0
8360654	0
433414	1
26500986	0
1606601	0
901421	1
13594438	0
12816415	0
7105919	0
2421498	0
62117	0
1151726	0
6819976	0
5207496	0
2141418	0
90039	0
5579814	0
1184167	0
2150351	0
29060046	0
27904601	0
14812001	0
549902	0
334874	1
1523484	0
2399430	0
893561	0
31024173	1
686033	0
3548070	0
921301	0
1503907	0
31841233	1
1699911	0
23813973	1
931949	1
3300211	0
1617626	1
14794717	0
14280823	0
3844016	0
1237909	0
6469252	1
963986	1
6061594	0
75874	0
21180	1
1002717	1
10980875	0
1665678	0
3887641	0
1511805	0
12054477	0
156625	0
12578388	0
1716921	0
706990	0
156628	0
14149346	1
18445420	0
12404324	0
594295	0
1947226	0
13912560	0
12666854	0
657159	0
9029417	0
14838516	0
25100224	0
4235653	1
4405535	0
5483227	1
12160883	1
729979	0
12055899	0
18618306	0
15300649	0
709490	1
24353804	0
894764	1
3107308	0
1852179	1
14445660	0
11762841	1
99948	0
1551200	0
689763	1
939561	0
4758386	0
33324775	0
509792	0
5141818	0
3492280	0
3226241	0
9472711	0
15314660	0
5527808	0
5429993	1
520990	1
30481661	0
9422274	1
4845206	0
27755114	0
650922	0
11487271	0
1567200	1
2122881	0
8425661	1
1643419	1
17136700	0
7238599	0
8068462	0
29331842	0
213416	1
839705	0
28903466	1
36353520	0
4306582	0
9129800	0
2378500	0
15614260	1
245515	0
31701975	1
2617441	0
1812216	0
24073089	0
35244336	0
19062669	0
1623363	0
2502451	0
21931690	0
1337353	0
22767958	0
470185	1
1880039	0
1290721	0
238004	1
24282011	0
3439619	0
14291388	0
75222	0
30865068	1
25157975	0
29892611	0
4639948	0
707808	1
30865082	0
993226	1
1139763	0
26206020	0
2997971	1
24872588	0
18932671	0
26198351	0
1095555	0
3793631	1
6838264	0
670407	1
4788277	0
21754296	0
3261733	1
22525391	0
2251745	0
33351052	0
1392986	0
68501	0
23576946	0
2752473	0
20632614	1
1988806	0
32183096	0
143809	1
36229546	0
18634533	0
11076424	0
13439264	0
22470129	0
1526756	0
1556135	0
5468633	0
2452691	0
2441439	0
7087167	0
29042310	1
300972	1
20169675	0
983869	0
12494128	0
26174601	0
10945488	0
24165847	0
2171715	0
4697464	0
27070440	1
17008751	0
535969	0
444267	1
19958360	1
13229264	1
12782740	0
4069403	0
6954737	0
321496	1
5638004	0
15775421	0
14811847	0
26670965	0
10500185	0
2793610	1
1194084	1
612752	0
30420106	0
26273704	0
3479886	1
3024248	0
1145800	1
62592	0
560511	1
5227184	0
657809	0
164359	0
30327	1
2029825	1
3361465	0
6180798	0
18070237	0
5396711	0
650540	0
171047	0
6198415	0
5881470	0
6090957	0
62693	0
1205454	0
4121036	0
6544795	0
25526577	1
1128561	1
171540	0
15667865	0
16186514	0
1055466	1
1686031	1
1863169	1
1363646	0
25001260	1
2069950	0
9673848	0
6742321	0
26609228	0
10387052	0
2387940	0
5547674	0
33498516	1
3025805	0
10552268	1
4316412	0
3745404	0
3901054	0
21851051	0
7111027	0
168554	0
2000074	0
1354975	1
15526709	0
4966348	0
18952889	1
25708664	0
7626259	0
957359	1
7444251	0
19226290	0
28327	1
4028549	0
2069295	0
11901160	0
3601835	0
2198086	0
2294047	0
16792210	1
31459960	0
7873210	0
565879	1
11779733	1
27928788	0
7668793	0
31039968	0
1712963	1
4059223	0
20935471	0
5457037	0
8777894	0
24608768	0
11467488	0
3293089	0
158982	1
689980	1
6029253	0
19931140	0
6389163	0
12746058	0
14954930	0
1882956	0
4631300	0
922084	0
10192270	0
1884712	0
2861237	0
20519199	0
32781983	0
984020	0
4362030	1
24077910	0
2421437	0
99015	0
17470255	0
230536	0
16963505	1
6852012	0
572255	0
21452659	0
692661	1
21735726	0
28134939	0
376485	0
2965435	0
2497347	0
1241597	0
1055198	0
14230829	0
34430924	0
418110	1
3599765	0
498181	0
1962520	1
2688210	0
6317956	0
9058143	0
240357	0
1549008	1
6491387	0
32252	1
101914	1
17292183	0
1333447	0
2925678	0
20169447	0
1564113	0
615418	0
657824	0
1922815	1
24154924	1
9417340	0
29446866	1
11612413	1
6234983	0
18746760	0
3859182	0
2642154	0
1018874	0
7815867	0
1348418	0
2349209	0
673472	0
9459932	0
8816501	0
17781178	0
2281450	0
396282	0
10628994	0
692652	1
789903	1
30127126	0
155271	0
10196144	0
34882877	0
835057	0
31165193	0
1595142	1
685931	0
11064746	0
709419	1
4578695	0
5959715	0
13123591	0
35723359	0
26015065	0
4741992	0
1367554	0
3136520	0
25606631	0
4881898	1
3394318	0
5542682	0
5339358	0
11893755	1
993532	0
6941760	1
5422296	0
307789	0
349005	0
649120	0
2788063	0
142423	0
27645834	1
15114837	0
4877373	0
881249	0
5318353	1
633411	1
9541497	0
27260560	0
26857099	1
22106018	0
16672762	0
5596645	0
5943254	0
1419513	0
23814420	0
1436343	0
1006812	0
19908223	0
5018573	1
236651	0
983044	1
204019	1
24663528	0
1470989	1
32504587	1
14935392	0
1839695	1
370064	1
7005188	0
31207174	0
1717500	0
874208	0
217982	0
27658890	1
7847214	0
1416397	1
5565988	0
24597709	0
3153023	0
1028910	0
702632	0
24010150	0
101398	0
4021176	1
17776794	0
2757780	0
190393	0
10398987	1
1908729	1
4151108	0
5112304	0
25015679	0
2967115	1
452017	1
1194710	0
20757962	0
42225	0
30296704	0
42224	0
7053488	0
4492414	0
228274	1
2932836	0
3851528	0
97758	1
35786367	0
4295195	1
15400276	0
2567839	0
17055534	1
145359	1
44457	0
20391295	0
7715229	1
23631832	1
2229439	0
963435	1
597576	0
24645176	0
3367826	0
99025	0
2337370	1
5569730	0
24577679	0
17260746	0
23552035	0
4213213	0
18317315	0
5975925	1
15141609	0
26780634	0
957331	1
4213209	0
9246010	0
3616797	1
975913	0
20425100	0
7404698	1
13995078	0
24162851	1
147829	0
317647	1
9416837	0
670514	0
5476946	1
14286254	0
32358656	0
33480755	0
23889556	0
31011459	0
21088926	0
1373852	0
31520425	0
9781685	0
577152	1
2997355	0
2253390	1
4082935	0
6640052	0
4932114	0
314093	0
103011	0
88678	1
21132353	1
14907049	0
20179038	0
27250998	0
1653220	0
295972	0
5384642	0
805037	0
4120837	0
21206525	0
22872100	0
5447784	0
15242361	0
2210682	0
11265801	0
2080825	0
2262072	0
3745287	0
225481	0
2318313	0
7883438	0
18486103	0
492200	0
1646113	0
15286558	0
4257310	0
462749	0
28271211	0
89445	1
1466210	0
582398	1
1134919	1
930561	0
3509990	0
12032423	0
2556838	0
6618673	0
3843878	0
6884219	0
6150355	0
6014292	0
35654696	0
770128	0
4032619	0
14055139	0
16079090	0
3050069	0
10507423	0
296466	0
4021666	0
13049327	1
6883275	0
5134517	0
3192886	0
23697548	0
18178296	0
2338993	1
1707516	1
5835745	0
21546442	0
3045845	0
7324665	0
4362641	0
1946017	1
18949667	1
3469003	0
491323	0
30311716	1
3170133	0
2367161	1
1045723	0
2229894	0
52371	1
12525687	0
9222642	0
24544387	0
23941708	1
21764056	0
500622	0
15233369	1
433285	1
1682418	1
430975	0
1031573	0
9264215	0
25012105	0
3978441	0
513090	0
25830343	0
15210434	0
8454726	0
26396356	0
24587933	0
4979871	0
5140171	0
17182332	0
3257958	1
21810192	1
6049256	0
5996977	0
11744082	0
29561731	1
933321	0
22681199	0
28387289	1
12106715	0
22824908	1
4369095	0
2045037	0
21843425	1
2194169	1
9956825	0
851800	0
20348262	0
27742828	0
5203014	0
22995725	0
10844001	0
5766690	0
3152877	0
584713	0
6294854	0
73930	0
1267059	0
668614	0
2679044	0
6047844	0
3152882	0
6488571	0
31014465	0
961437	1
1330774	0
13956883	0
2175661	0
8593082	0
5727920	1
16072077	0
4205606	1
2408918	1
2480828	0
4048011	0
76631	0
685977	0
2164722	0
7906493	0
7976591	0
1380383	0
3941513	0
3826817	0
12017390	0
14037329	0
2903396	0
1190594	1
5082874	0
4927911	1
9505271	0
4165155	0
17923997	0
5206156	0
33666731	0
27995292	0
982199	1
142447	1
2322629	0
3178385	0
1397377	1
962431	1
2470904	1
5443770	1
213270	1
533515	0
9535065	0
885776	1
73438	0
29258343	0
1439597	0
598397	0
61141	1
12163624	0
1160412	1
1508868	0
8175422	1
15100596	0
1144172	1
20577522	0
620034	1
26280544	0
709391	1
1222408	0
9751346	0
1275551	1
657446	1
1006993	0
11400848	1
1025841	0
6127063	0
4195529	0
948548	0
1506960	0
5079650	1
30408196	0
15749011	0
3357475	0
1735236	1
2969247	1
5118109	0
165330	0
702506	0
4781857	0
1331578	1
1608670	0
618929	1
670226	1
7171361	0
4167411	1
34768346	0
3647125	0
12580152	0
2156510	0
33333482	0
2987094	1
142465	1
1743227	0
6724491	0
725459	1
77619	0
3071743	1
30110298	0
1745296	1
872441	1
1338461	0
1051400	0
6777103	0
2068890	0
9524972	1
2838499	0
4273140	1
12152908	0
11584672	0
21001056	1
1558966	0
22214410	0
301798	0
30108218	0
4003996	0
11886787	0
2294895	0
10095763	0
10386446	0
2866230	0
34749215	0
474527	0
1377041	0
1343342	1
9650868	0
1908238	1
2039953	0
2465576	1
5637822	0
966552	0
30603152	0
339516	0
25649246	0
25917921	0
10318067	0
5496661	0
18162467	0
5017604	1
574768	0
1558226	0
4231	0
3493076	0
7839959	0
949131	1
963023	0
33949342	0
5752544	1
155997	1
125563	0
84931	1
1607895	1
9169723	0
183740	0
5208736	0
2540024	0
307072	1
3143504	1
1999677	0
21545922	0
87983	1
1374014	1
1059238	0
25746139	0
2877925	0
2229575	0
5393250	0
164411	0
20666019	0
28269	1
1164538	1
4800257	0
1449256	0
1959014	1
5713867	0
20987461	0
10433895	1
28173585	0
2640146	0
1623267	0
2342941	0
12319832	1
6790266	0
11436273	0
2220448	0
20991625	0
25542269	0
12685218	0
2548068	1
3150125	0
5349123	1
16815927	0
2493307	0
1952976	1
354061	0
23319831	0
14747692	0
24384740	1
36354224	0
932424	0
491757	1
12276040	0
20413984	0
16040190	0
3247979	0
7198945	1
20401848	0
452211	0
4041345	1
29657080	0
5566327	0
61483	0
1011167	1
10553349	0
25913752	1
3905283	0
4672611	0
1321819	1
9022958	1
3317165	0
19421454	0
7672286	0
12652556	0
1219214	1
14369179	0
1223498	0
10087485	0
13814145	0
32567844	0
27588976	1
1127093	0
6232030	0
454718	1
14950102	0
754323	0
9979	1
3600059	0
4729	1
241603	1
8570240	0
2799874	0
26188378	0
4728	1
725817	1
22993456	0
192461	1
60173	0
4499436	0
3761238	0
18673551	0
444767	1
1356971	0
35574760	0
33638304	0
2198940	0
32859140	0
18394730	1
302757	0
477385	1
6172917	0
781724	0
9968318	0
2501528	0
739786	0
10707864	0
22561914	0
714334	1
436955	0
4071544	0
4305002	0
302797	0
1715414	0
177783	0
20020813	1
68245	1
3529964	1
3329115	0
4544340	0
166813	1
770260	0
106328	1
1795394	0
8049233	0
540654	0
13310698	0
15946757	0
65834	1
497890	0
60174	0
9264265	1
9695354	0
19522049	0
33047905	0
905971	0
1357152	0
6086631	0
9235373	0
448385	0
22786230	0
1357149	0
694787	1
905964	1
6121598	0
5836236	0
2390396	0
5861532	0
97646	1
19285459	0
2415806	0
7895523	0
2991187	0
26640523	0
18639038	0
1027060	1
65436	1
1891886	1
21381088	0
1251285	0
171626	1
33270910	0
25595854	1
2409484	1
5696691	0
1475902	0
34130	1
1037250	1
4944673	0
2981197	0
2108776	0
5512355	0
25793288	1
17733263	0
472897	0
3132637	0
2217144	0
11039716	0
3099675	0
19867536	0
4896282	0
4041425	0
40672	1
9693961	0
1693395	1
19878320	0
518018	0
20668190	0
4876364	0
484102	0
7741538	0
417891	1
3048276	0
5766332	0
2728423	0
7741845	0
695780	1
1195560	0
296997	0
2743891	0
1590940	0
2821933	0
543433	1
66841	0
176762	1
17356798	1
2318462	0
11953814	0
11699620	0
4918808	0
22112974	0
92596	0
2019025	0
21312540	0
2641298	0
5973389	0
303039	0
16385924	0
1285718	0
5958413	0
168774	0
893808	1
3992212	0
29370106	1
21945570	0
2618881	0
10063659	0
12032960	0
4717779	0
2394008	1
9315230	1
11507281	0
30625	0
2220694	0
6128816	0
318542	1
20580603	0
76310	0
18589178	0
264851	0
3278182	0
30009835	1
492056	0
30684592	0
10869055	0
1743074	0
21835208	1
1254881	0
22231747	0
35020822	0
28362983	0
6770626	0
26294813	0
3096383	0
24725226	0
3282957	1
4608223	1
29586011	0
7617716	0
1979318	0
24789475	0
4877132	0
28224334	0
12894538	0
20179720	0
20161466	1
15352210	0
3210303	0
22892484	0
977671	1
35027653	0
67422	1
64394	1
3653398	0
1365411	0
442308	0
2418347	0
67419	0
4246026	0
534812	0
537416	1
3636498	1
2046815	1
4610810	0
32894499	1
3371298	0
2792566	0
2624370	0
248222	1
4213198	0
7135516	0
638459	0
3954298	0
5726392	0
4180278	1
17998525	0
31330546	1
30871261	1
23606613	0
2441360	0
34822001	0
451866	1
17786624	0
2558588	0
20450767	1
4032134	0
23295795	1
4198361	0
3752653	0
9823771	0
3447732	1
81503	1
23086136	0
7138643	0
23024134	0
9125767	0
1637570	0
4223800	1
1151458	0
447194	0
225573	0
14141235	0
24029843	0
167857	0
3710785	1
2165430	0
2229321	0
2108624	0
4288473	1
26545312	0
165366	0
206845	1
17315314	0
29845871	1
4835894	0
2590780	0
3514297	0
23335172	1
1487971	0
612656	0
20326029	0
10370634	0
24735632	0
4777324	0
5736805	0
4798258	0
20317509	0
3598984	1
1661137	1
352693	0
5207995	0
1567129	0
5516824	0
12673434	1
17841580	0
17574075	1
1535983	0
6742643	0
22826758	0
6141751	1
6446036	1
12111728	0
149433	1
1119784	1
19596597	1
235288	1
92706	0
1190931	1
464128	1
27691926	0
17595071	0
4506211	0
5099214	0
3037946	1
3569608	0
2276238	0
28398650	0
8893458	0
3524152	0
2311212	1
8390126	0
1830431	1
9223339	0
7570243	0
8002658	0
168551	0
1425483	0
9170457	0
1048695	0
42147	1
2320355	1
61519	0
24265023	0
1348145	0
31899048	0
2273984	0
915306	0
1917925	0
900584	0
1290021	0
2847356	0
2381862	0
34645036	1
15759166	0
43566	1
5414895	1
22114132	1
3544709	0
172666	0
23561298	0
7167797	0
16691326	0
32260	1
9685139	0
26601277	0
4520121	0
4803480	1
820919	1
2087669	0
1553486	0
26971354	0
946737	0
5191439	1
1504619	0
29239928	0
27612579	0
169788	0
31114108	0
13786783	0
31838471	0
1252047	1
11011055	0
1241914	1
24162843	1
408849	1
3875767	0
1026994	0
5608911	0
2450308	0
8931001	0
9170067	0
27382757	0
1680034	0
1867173	1
2511602	1
22739948	0
593184	1
32789431	0
27279709	1
27686452	0
6003924	0
5206795	0
2717905	1
14941280	1
2244052	0
3970458	0
10294220	0
28076129	0
240369	0
34361583	1
3095001	0
8949714	0
3303622	1
240371	1
74862	0
605198	0
1266043	1
26737511	0
2093425	0
12615952	0
72317	0
390436	1
587265	0
1036025	1
30270338	0
9461535	0
997174	1
32136475	0
4558294	1
4334307	0
2274585	0
156641	0
1700544	0
3056404	0
16850022	0
103018	1
3674173	0
68092	0
183619	0
14641156	0
20937181	0
28920951	0
13083579	0
1766226	0
23738867	0
14570681	0
3832964	0
2731003	0
13098785	0
31919884	0
9776999	0
16067750	0
7672162	0
30272395	0
23992760	1
1238102	0
915487	0
1688593	0
452767	1
770348	0
1683542	0
24028744	0
31508682	0
21764904	0
1693888	0
1138831	0
23632278	0
12781074	0
1695219	1
24260284	0
1834015	0
4235704	0
6098808	0
2581392	1
3361673	0
19016261	0
920468	1
22526146	0
690868	0
34002770	0
7505990	0
6002183	1
420532	0
4622516	0
6312980	1
882119	1
13853693	0
10610533	1
92608	0
1367574	0
919546	1
26528549	0
3565461	1
1367581	1
4396698	0
30873695	0
612803	0
26350638	0
872386	1
33276254	1
28386410	1
30086	0
16782	0
26902650	0
21586321	0
710822	0
29007213	0
576198	0
1769134	0
12064359	1
2209527	0
334156	0
15313145	0
32435797	0
2841422	0
31732137	0
1395159	0
2159835	0
76630	0
2310118	0
2475248	0
13225630	0
1266489	0
19598085	0
3447064	0
2696740	1
30423357	0
2408687	0
26964199	0
1489050	0
8687544	0
1373219	0
10565718	1
923759	0
21817139	0
5581958	0
5948294	0
2079686	0
4828849	0
482882	0
113445	0
5068093	0
403227	1
19463368	0
2978844	0
2091919	0
30804670	0
33388421	0
1444040	0
4685891	0
7230206	0
473268	0
2093587	0
695023	1
1072060	0
5610546	0
23872254	1
1236122	0
4055312	0
17727095	0
865912	0
2797150	0
7074438	0
20645492	0
1178011	0
4622896	0
2324846	0
5537493	0
358263	0
11963262	0
1674399	0
76387	0
4640513	0
3659082	0
2018791	0
28842238	1
1238341	0
311445	0
21509421	0
31095423	0
401839	1
25854460	1
303928	0
75270	0
536009	1
1345168	0
24851820	0
33049597	0
447139	0
3326121	0
7236362	0
7764230	0
11158178	1
7764212	1
24200785	0
1673495	0
726161	1
11686066	0
194249	1
238810	1
4261392	0
32535486	0
755231	0
11612605	0
8856075	0
31941988	1
12782772	0
189088	1
6470956	0
4916683	0
1046769	1
1373922	0
409817	0
95953	0
171011	0
1765026	1
30625856	0
3461278	0
12639467	0
24570673	1
4836572	1
1584998	0
1374740	0
4097799	1
34154485	0
2696597	0
26383573	0
27640601	0
35874130	0
2605689	0
2976107	1
11908040	0
171051	1
2876569	1
8172248	0
10336502	0
2888880	0
7810685	0
3009486	0
11408406	0
1882500	0
30582	1
12767159	1
2819577	0
2699610	0
13237979	1
14969658	0
6697503	0
733176	0
4470790	0
13300563	0
1995966	0
1452377	0
2269393	0
4220121	0
2991978	0
77744	1
16083779	0
24717406	1
225487	0
193845	0
5897288	0
7944229	0
24160876	0
1244836	1
1945359	1
6079196	0
4743308	1
24150888	0
2382573	0
29302015	0
11241120	0
61531	0
28124033	0
60293	0
1126777	0
6446061	1
807979	0
129312	0
30666973	0
2149085	0
2554528	0
4180684	0
29429988	1
3747178	0
7003043	0
732851	1
26282750	0
11663591	0
8897938	0
1424178	1
7682778	1
1954790	0
29558941	0
3782980	0
26279569	0
28646226	0
2166828	0
19994247	1
12673724	0
592297	0
3182907	0
31290539	0
6584119	0
3570614	0
18250955	0
168561	1
26295051	0
14415654	0
18057739	1
18584922	0
5439220	1
14513043	0
8056384	0
307690	0
21041587	0
17089501	1
3189853	0
12165949	0
21161719	0
2763214	1
23260995	0
17365531	0
17544255	1
9939796	1
2481282	0
18892860	0
11642070	0
14157327	0
5680048	0
4492975	0
15053838	0
8022805	0
4752795	0
15904586	0
17672486	0
3581163	0
4179782	0
5569766	0
24949183	0
268833	1
99123	1
162386	0
2982688	1
161190	1
2910440	0
5641391	1
463396	0
12823367	1
26443897	0
4271952	0
4914926	0
26274188	0
22945150	0
23325348	0
2052646	1
10521327	0
25746157	0
1236447	0
2550894	0
2313750	1
580960	0
32786344	0
8641297	1
58865	1
2398332	0
234827	0
1539714	0
3511234	0
3333681	0
1769928	0
3095818	0
16055802	1
7784121	0
13903487	0
16657224	0
5541530	1
5403512	0
4598057	0
161496	0
639629	0
605939	1
704406	0
1198597	0
253828	1
9230147	0
485540	1
702217	0
4317405	0
21135479	0
35786738	0
1319356	0
15211401	0
35786558	0
13272614	0
342692	1
2676601	0
27122528	0
25725626	0
1045034	1
24005728	0
9467480	0
2721832	0
648781	1
351266	0
142435	1
3565365	0
5461236	0
5794648	1
29181369	0
12013299	0
524139	0
308856	1
76297	0
32694962	0
15881207	0
3585054	0
35106177	1
4186829	0
16973860	0
25993181	0
733818	0
5066214	0
10020058	0
1429988	0
11014779	1
4969123	0
3783905	0
446934	1
10133217	1
32316257	0
34333470	0
5526366	1
4550882	1
29462138	1
15264095	0
26561763	0
15392801	0
30714098	0
237134	0
240173	0
2889278	0
1591858	0
2439288	0
1071647	0
23011287	0
702117	1
29524136	0
27556412	0
7677145	0
19566724	0
5999816	0
3814521	0
8409497	1
31532443	1
7567720	0
1826578	0
4600495	0
3717069	0
42222	0
35307695	0
142456	1
602789	0
212981	0
5638224	0
9571945	0
244897	0
3408831	0
30581814	0
1572988	0
1317987	0
1009041	1
8317598	1
31940428	0
11577392	1
21015620	0
77609	0
74537	0
8701507	0
1246480	0
17521509	0
9776644	1
25230514	1
2691895	0
433824	1
21022163	0
5169996	1
5144617	0
2592877	0
6647287	0
197558	1
639796	0
2135286	0
25528902	0
6189418	0
7517898	0
226202	1
6081230	0
14137409	0
737840	0
27602393	0
7897498	0
451821	0
2168783	0
2571348	1
740744	1
13713239	1
31256654	0
30928961	1
3820793	0
2920309	0
18915082	0
22397441	0
18716405	0
2116383	1
6827301	0
3148833	0
42293	0
31872810	0
2952125	1
22830026	0
11693369	0
26742350	1
10628498	0
22336327	0
14628378	0
12930887	0
2216294	0
1164544	1
682280	0
2880294	0
590462	1
479757	1
29270563	1
548669	1
17491852	0
2750041	0
19074682	0
24480838	1
1252914	1
23239491	0
469019	0
2664350	0
5659888	0
12149364	0
461335	0
13204790	0
18841979	1
550486	0
154688	0
12687445	0
14873897	1
797349	0
623452	1
31517122	0
8060080	0
24584915	1
1223386	0
1039551	0
594815	1
740824	0
17108083	0
1546725	0
14277334	1
34087468	0
66853	0
10444955	0
92605	0
1626986	1
8280960	0
8928152	0
1424754	1
29160333	0
3130706	0
10469675	0
129619	1
3623103	1
1086261	0
980601	0
2369122	0
8775743	0
3868207	0
3201442	0
683428	0
10520690	0
2976044	0
41881	0
6142808	0
28250083	1
675947	0
2804661	1
223268	1
1094516	0
9502327	0
1137578	0
3650653	0
68078	0
1735676	0
5425205	0
29139393	1
8031432	1
210151	0
1047407	1
12649366	0
2366994	0
44752	0
60169	0
35001111	0
25772548	0
26212916	0
4730	1
31475573	0
9055835	0
472870	0
241471	1
950245	0
30470648	1
24026566	0
2198135	0
3105804	0
5831848	0
2829485	0
3823100	0
2367208	1
20110420	0
168593	1
2164450	0
25225244	0
5798540	0
5297549	0
10801490	0
167599	1
14097392	1
5929740	0
1107088	1
20389766	0
6612569	0
352795	1
1273515	0
2165639	0
146236	1
5606124	1
1031157	0
2056500	0
20786	0
981884	0
31092862	0
32624770	0
9183160	0
28134702	0
113013	0
2332290	0
2182788	0
18168131	0
5330839	0
22675166	0
6181138	0
19111251	0
1856154	0
18302086	0
3700174	1
3119806	0
8356351	0
19032190	1
6399993	1
4362550	0
26198375	0
2421463	0
525113	1
725984	1
24354731	0
3557540	1
2510954	0
35826458	0
2096043	1
34414683	0
18774910	0
10821674	0
13931836	1
422428	0
16382735	0
28871413	0
26349729	1
863087	0
760738	0
6252532	0
213149	1
164754	1
9856437	0
15469761	0
6184001	0
5615617	0
19775805	0
887452	0
326982	1
2583472	0
11944726	0
17344938	0
11384089	0
12283356	0
14478278	1
2046012	0
3477283	0
6943287	0
224487	0
20371401	0
3684509	0
3941055	0
4753099	0
14916921	0
1676282	0
1748482	1
14656726	0
1170663	0
2945187	0
18799982	0
7352271	0
534792	1
216072	1
34325711	0
28021528	0
1150634	0
2190310	0
1441031	0
4303794	0
5215066	1
14711303	1
399725	0
199505	0
8764467	0
1287385	1
1068520	1
348979	1
4890837	0
4502456	0
4523010	0
2262672	0
123417	1
28223867	0
2410609	0
538180	0
2492165	1
30857702	0
479905	0
16201787	0
6944471	0
20745486	0
11413526	0
25081461	0
308898	1
697113	0
375183	1
2979277	0
16660805	0
4845813	0
35908520	0
2339186	0
4327278	0
15272676	0
2361396	1
2694295	0
1954484	0
10037860	0
2394082	0
600320	1
1637006	0
4335073	0
2272726	0
1962192	0
142481	1
62668	1
1371900	0
34180904	0
26879903	0
73488	0
14820202	0
11606319	0
1223711	0
1131021	1
2147563	0
23276270	0
15119799	1
13048086	0
16543425	0
2203406	0
1879413	0
8417013	0
20764456	0
1591834	0
1364174	0
2184458	0
1974729	0
1037120	1
23092690	0
25079197	0
1267018	0
19337214	0
3185575	1
3262502	0
18996	0
26562754	0
24726686	0
7444907	0
442647	1
4015886	0
324616	1
8674127	0
2465292	0
14965069	1
8711666	0
19845179	1
29171676	1
3518352	0
204774	0
1030073	0
170936	0
200626	0
3539703	0
57820	0
11033063	0
42856	0
4186717	0
21847912	0
15599802	0
10628838	0
27777973	0
23091532	1
25114906	0
290970	0
5589714	0
1210091	1
4132529	0
35644709	0
30979351	0
15392682	0
6724790	0
74907	0
7074043	1
1388850	0
690131	0
5154250	0
1701236	0
3703666	0
2259232	0
29587657	1
905188	0
5561794	0
289591	1
277148	1
17513934	0
633692	1
561934	0
265975	0
6210573	0
1043108	0
2466773	1
3151903	0
1553297	0
8100298	0
17845260	1
32216249	0
4954774	1
2442464	0
11733144	1
21777123	0
13514560	0
155785	0
8323828	0
1543888	0
23228817	1
8233233	0
36132020	0
441315	0
1163257	1
7845053	1
30307566	0
6952880	0
30150089	0
1133816	0
10542206	1
22142761	0
15615865	0
1078863	1
10916155	0
1971256	0
36354068	0
2110936	0
21210395	0
2058829	0
873469	0
940565	0
464189	0
871130	1
31304479	0
1339563	0
431333	1
14579825	0
29266711	0
592766	1
9718353	0
9524860	1
187642	0
31640956	0
585824	0
468342	0
692739	0
113651	0
6703160	0
976989	0
31727801	0
16074507	1
21565991	0
17006384	0
919477	1
18585467	0
2949827	1
36097069	0
22062835	0
4041420	0
1784755	0
73170	1
30508863	0
3024499	0
15508824	0
33614251	1
241171	0
12319656	0
12498480	0
11777954	0
8575331	0
26297740	0
4386957	0
3845313	0
6043780	1
21939688	1
3520031	0
2244516	0
4905605	0
20546643	0
26304712	0
15799182	0
15833916	0
1289049	0
24961327	0
92715	0
4372744	0
30460616	0
5990251	0
20837938	0
11668064	0
11357777	0
1162528	1
443972	1
161912	0
25694530	0
1051659	0
5073042	0
12640611	0
924799	1
16099082	0
3528982	0
1051653	0
6758985	0
27577419	0
865561	0
549949	0
3956788	0
210998	1
2477211	0
11530657	1
2009711	0
240363	0
2837025	1
2804704	1
985537	0
6465014	0
1367498	0
1048388	1
3030582	0
15359592	0
6701452	0
1262718	0
455224	0
27756811	0
3948455	1
32811775	0
9143120	0
7914630	0
7537280	0
744783	0
11841381	0
4092144	0
30137103	0
17111814	1
362335	0
6238106	0
4793122	0
36158793	0
22878411	0
4276475	1
1044633	0
9168916	0
9626476	0
19820048	0
2057905	0
4078865	0
3244005	1
4240215	0
5284869	0
23954729	1
1346469	0
885308	0
6878047	0
2384482	0
919392	1
2592990	0
770300	0
13087370	1
21918632	1
3326078	1
28190354	1
4154028	0
13998597	0
2074089	0
3834043	0
447672	1
7723663	0
145892	1
24402410	0
133688	0
2709566	0
709860	0
5094131	0
1815970	0
12260598	1
5028541	0
6983478	0
937658	0
10017886	0
3123636	0
4750168	0
27987042	0
5102247	0
1413265	1
204839	0
29365217	0
80916	0
706878	1
5842075	0
24987301	1
3044228	0
739821	0
286852	0
1640736	1
1494502	0
89818	1
31462588	1
165751	0
12809766	0
17289439	0
594105	1
2439396	1
1684625	0
595909	0
8514531	0
31232694	0
5451260	0
9970689	0
19379236	0
818234	0
9451117	0
473260	0
1672187	0
31631257	1
3748765	1
21820843	0
4179770	0
2817162	0
1682871	0
654742	1
2478900	0
1075838	0
1271405	0
16770876	1
3931502	0
4090453	1
7422533	0
21917672	0
2982322	0
27736078	0
8636654	0
261023	1
33270	1
4908122	0
2638634	0
9051332	0
6060885	0
16174644	0
973077	1
4848522	1
5646957	0
12037272	0
336808	1
2941342	0
3553915	0
640370	0
12714295	0
2411357	0
12624367	0
14576560	0
675935	1
8896753	0
17920	0
15968423	1
695249	1
79729	0
7319564	1
1688077	0
2636543	0
61182	0
7128210	0
695266	1
17790039	0
5130016	0
21113228	1
2051753	1
19042649	0
2425302	1
3894411	1
374885	0
67371	0
31066828	0
7482617	0
1188824	0
68047	0
18545216	0
1646358	0
1767215	0
29432416	0
33151195	0
3503363	0
1324852	0
33468851	0
26783359	0
448735	1
5068537	0
249838	0
3163760	0
930379	1
31724000	0
1591891	0
826482	0
1370704	0
1996350	1
2077360	0
25160738	0
3096492	0
18678217	0
171545	0
369790	1
18471278	0
8280622	0
3880325	0
1128175	0
2709182	0
76018	1
6780205	0
30275	1
2950304	1
3756071	0
18092236	0
1139962	0
42361	0
997918	1
5744162	0
985304	0
4562945	0
33770950	0
11532350	0
7489581	0
2174599	1
7887331	0
193847	0
6559383	0
3454713	0
2906058	0
1808380	0
6197489	0
8538374	0
210155	1
3038054	0
1519082	1
177741	0
21678052	1
9170249	0
399433	1
3645005	1
30955314	0
9382558	0
1458752	0
1346905	0
1051820	1
8078282	1
1854000	1
689969	0
859101	0
586740	0
15122431	0
7846363	0
45568	1
8138535	0
161460	0
24105751	0
213224	0
11862690	1
922077	0
18153153	0
4409112	0
9144986	0
3608326	0
2280353	0
24500960	0
1267905	0
4899791	0
10215404	1
6856839	0
5585875	0
24380314	0
24507147	0
17298868	0
25450621	0
5930384	0
10511883	0
1703740	0
18066576	0
18965892	0
13838662	0
58018	0
19457040	0
19380534	0
21052275	0
2237779	0
4270540	1
3060756	1
1249349	0
2910322	1
919013	0
3075802	1
9366011	0
342741	1
4038581	0
2377503	0
1787420	0
20523067	0
6490523	0
12509366	0
5698271	0
3231682	1
20570407	1
3255424	0
37599	1
4576677	0
17736304	0
4678118	0
11564856	0
11244593	1
2503050	0
1582683	0
18788912	0
61664	1
9054868	0
1276889	0
2180825	0
6557406	0
17578316	0
2287636	1
2550963	0
14922808	0
1473196	1
5444611	0
19240936	0
31069386	0
23777614	0
3577050	0
3654271	1
26508187	0
704427	0
88609	1
846820	1
488556	0
5814848	0
667368	1
29320113	0
7882235	0
846828	0
1017650	0
13356795	0
27538824	0
246559	0
667371	1
2887437	1
2988222	0
8549241	1
31777709	0
26275052	0
33424556	0
1635059	0
5169883	1
723582	0
679577	0
3576873	0
13873910	0
3408082	0
2130880	0
4616469	0
967174	0
294520	0
142430	1
3024556	0
8067478	0
28348079	0
343408	1
561226	1
1740764	0
73425	1
1763713	0
1917459	1
877220	0
9459686	0
24631549	0
903383	1
5033651	0
20814932	0
29992512	0
7537205	0
11639895	1
4902239	1
5969984	0
25127240	1
903776	0
5317549	0
6152265	1
2435211	0
3288825	0
2674286	0
2093928	1
1569634	1
34430482	0
161438	0
2400255	0
65669	1
1633705	0
2378034	0
26252728	1
12121822	1
3989120	0
3600424	0
4687991	0
166121	1
18033447	0
5991505	1
5871867	0
23829273	1
18023344	0
53085	1
101401	0
8914871	0
21347979	0
226842	0
2212695	1
15070503	0
25016724	0
2229732	0
1412632	0
29890816	0
3821533	0
7594242	0
15293788	0
3297470	0
675832	1
848218	1
1304346	0
1055089	0
27002245	0
27567823	0
14674285	0
4148842	0
4639222	1
11213660	1
23624549	0
176489	0
8270869	0
531816	0
20833107	0
3610087	0
10501623	0
30275589	1
1476567	1
4718224	0
548239	0
23891514	0
2406029	0
5880421	0
21742840	0
2457326	0
144161	1
4213193	0
3435387	0
2611302	0
3450570	0
5482994	0
309070	1
4856981	0
8636365	1
8980330	1
3859075	0
7406163	0
3433026	1
3943470	0
76515	0
1096949	0
27923824	1
4614452	0
6504325	0
1822067	1
2917795	0
26818875	0
219712	1
357186	1
1089071	0
803786	0
22833707	0
442333	1
5174138	0
32099336	1
3142340	0
171076	1
2306908	0
20692991	0
17028085	0
3133545	0
701781	0
113464	1
13779507	0
25091604	0
68388	0
26999426	1
171078	0
2055701	0
10474816	0
15736888	0
80405	0
8708612	1
2138170	1
18454887	0
29491325	0
10327104	0
400797	0
14725310	1
2156850	0
7301880	0
25073384	0
1690432	1
2576917	1
5318135	0
3389897	0
2102508	0
462764	0
6215998	0
4734122	0
4289049	0
694482	1
12836428	0
2580873	0
3289723	0
33028800	1
31790857	0
3454830	0
1586160	0
1720492	0
14186757	0
28791031	0
29664578	0
676054	1
770144	0
15739815	1
11876523	0
937809	0
2563837	0
600351	1
7558410	0
5801352	0
32136598	0
1495709	0
2425809	0
28891330	1
27091137	0
689490	0
9143305	0
1144915	0
2331662	1
1204655	0
5501952	0
4607980	0
2097287	0
380517	1
32273880	0
12246739	1
6184489	0
20467212	0
23438736	1
75261	1
25152120	0
31756377	0
4453691	1
5971538	1
600008	1
3028191	0
602965	1
6265220	0
5109579	0
5057034	0
6542399	0
378213	0
1881015	0
596078	0
1082656	1
432364	0
19175781	0
18149943	0
20596726	0
770184	0
8851830	0
33025020	0
6770577	0
2478590	0
16357786	0
4836239	1
817905	0
28250117	0
12926217	0
20691098	0
26953541	0
552592	1
3981967	0
226331	1
23614710	1
13076317	0
23205095	0
34595521	1
26968111	0
30129615	1
5558022	0
14119255	1
3866194	0
30578340	1
3316533	0
5060456	0
33726624	0
12432189	0
3320466	0
10874116	0
554858	0
1250208	1
3487956	1
16368206	1
13201636	0
489156	0
24368825	0
19250235	0
9793561	0
10934072	0
31480409	0
20719359	0
334865	0
3082021	0
1965350	0
607673	0
30456367	0
32585784	0
7414349	0
75933	0
3966684	0
10440670	0
3116175	0
2300167	0
970386	1
20691749	1
745100	0
2532751	0
16596475	0
33457532	0
12765604	0
974837	1
1069758	1
2501266	1
20691913	0
13393041	1
17624772	0
1665752	1
982180	0
4370892	0
1052133	0
1405054	0
2232503	0
1436551	0
2275790	0
28963392	0
7051491	1
30854893	0
19844891	1
74984	0
1779335	0
3448857	0
22507490	1
187115	0
6406105	0
28485791	0
1179416	1
21969697	0
31700012	0
30885871	0
14241872	1
22325279	0
2662367	0
1168522	0
24395375	0
10299953	0
8990197	0
28281915	0
1469695	1
1749535	1
24355979	0
2572864	0
415074	0
5523710	0
10272267	0
21953998	0
190423	1
24342593	0
30816626	0
18454490	0
3745331	0
16506358	0
15181224	1
2692284	1
2823258	0
22766241	0
14716766	0
3170435	0
13921336	0
13781235	0
985100	0
1241944	0
15782460	0
2761428	0
73467	0
3815680	0
24158745	0
1039322	0
5207578	0
29432361	0
21000149	0
213462	0
4908352	0
5112836	0
15703651	0
4908353	0
11435243	0
16931947	0
12619795	0
14882264	0
5236777	0
18597762	0
573288	1
14255798	0
767099	0
328344	1
9808649	0
2021400	1
1364299	0
20457037	0
6567431	0
7022823	0
3947300	0
67427	1
10783682	0
9926706	0
33492450	0
1688060	0
30271101	0
4829230	0
3175826	0
689611	1
26466092	1
4186631	0
8364339	1
4610882	1
952682	0
32807336	0
963301	0
423372	0
5905476	0
1126385	1
11891565	0
1332901	1
3041142	0
980977	1
3416006	0
2755048	0
854045	0
1261294	0
164395	0
15969057	0
1644192	1
449547	1
11200137	0
3979884	0
35991931	0
3524245	0
31676856	0
1024760	0
568034	1
990764	1
766348	0
304428	0
461353	0
2088328	0
14964780	0
1631700	0
6703830	0
12813350	0
30201005	1
682393	0
3762449	1
11845883	0
28157443	0
26294633	0
606614	0
14656633	0
149113	1
20394155	0
31643324	0
625714	0
341538	0
129410	0
27107657	0
22718064	0
1526194	0
8705786	0
5240530	0
9084963	0
11288620	1
1636036	0
1800351	0
10090909	0
11643011	0
32306875	0
397574	1
2600144	0
787058	0
9766869	0
20407039	0
3077087	0
31964514	0
161901	0
24668194	0
3448890	1
1370478	0
2821897	0
4824326	0
2102014	1
10203059	0
26739428	0
113452	0
7200857	0
129542	0
26177915	0
1607765	0
24367532	0
17527920	1
1505118	0
14774463	0
2017211	1
2017208	1
101523	0
22324733	0
284619	0
210316	0
8849424	0
8765205	0
4148551	0
5031048	0
2173342	0
445937	0
31960682	0
320527	0
1297472	0
2748709	0
781629	1
21779605	0
159447	1
21225053	1
10130997	0
5398963	0
2192765	0
1371113	0
14545761	1
1528272	0
25477324	1
2312056	1
73444	1
629072	0
2423462	1
9830229	0
2298338	0
163459	0
1377382	1
12231869	0
20015755	0
672934	0
7023512	0
43849	0
17475674	0
543162	0
3732855	0
2123910	0
4500088	0
5676692	1
5961695	0
9127143	0
3732862	0
1704458	0
689785	0
287404	0
284676	0
11558403	0
15708657	0
15907225	0
1036703	1
19877711	1
156644	1
22415383	0
261364	1
15465392	1
62115	0
30581698	0
11387259	0
2094975	0
73366	0
35908536	0
7117880	0
234731	0
6767992	0
29185428	0
5348143	0
2971654	0
10160738	0
2881459	0
1732142	1
10136056	0
406339	1
2731033	0
3899170	0
686022	1
17519548	0
240376	0
33148591	0
1516678	0
29007480	0
261448	0
25536699	0
21913863	1
565758	0
3476903	0
29344186	0
26779875	0
34344124	1
931950	0
1458713	0
25517416	0
7548602	0
673903	1
3186725	0
5253337	0
851285	1
29101425	0
11046148	0
10977	0
24870348	0
2093510	0
24587655	0
10214302	0
29511732	0
5451062	0
10475655	0
27079	1
1812238	0
1397142	0
28984353	0
924857	0
2749550	0
5321895	0
2619545	0
13341623	0
27694404	1
32837210	0
497109	0
805120	0
2069002	0
3028394	0
311935	1
25187050	0
1181107	0
61184	1
9460450	0
7031132	1
21606370	0
15779585	0
676909	1
11535233	0
4268056	0
26188630	0
76351	0
1393739	1
24077310	1
153372	0
4120842	0
1358857	0
12696049	1
33108995	0
1562557	0
2058218	0
33594947	1
7361776	0
24586901	1
3517536	1
16260144	0
9541484	0
1091346	0
710906	0
901489	0
213413	0
2795625	0
24418098	1
22528630	0
1623960	1
22693523	0
23195993	0
19978736	0
1025150	1
88326	1
1428955	0
1253851	0
4189858	1
13023421	1
20475363	0
1730420	1
4149931	0
11840982	0
11760799	0
42993	1
2025145	0
4419761	0
29782	1
54166	1
26413589	0
15762321	1
3235051	0
14141946	0
11251963	0
1904012	1
20239110	0
15287430	0
331860	0
29267698	1
32032279	0
2018960	0
229047	1
52390	1
2005355	0
1380847	0
1011439	0
104916	1
26152459	0
5235481	0
157481	1
33641119	1
1683515	0
26012433	0
4619136	0
673599	1
9001422	0
3117439	1
22914553	0
19479460	1
904450	0
6258597	0
3746	0
32913943	0
744312	0
77751	0
1320650	0
54175	1
310436	0
2251161	0
3304471	0
956388	1
3565169	0
6117093	0
1011854	1
15593618	1
2698372	1
2010744	1
2541588	0
24160887	0
695283	1
6211335	0
1364070	0
177906	0
28703057	0
143812	0
33316658	0
1380766	0
29034986	0
24811418	0
1152328	0
13392017	1
30101673	0
4457806	1
1796156	1
32605350	0
3790446	0
6642278	0
151461	1
30439611	0
8212456	0
3574823	0
570321	1
151465	1
2551631	0
17324736	0
20398475	0
15863505	0
4871852	0
2580403	1
3036635	0
24770245	0
2012442	1
1640125	0
22812257	0
8202728	0
68374	1
733927	1
1996562	0
27622839	0
947450	1
3346585	0
3837	1
508044	0
29781	0
1331978	1
29174437	0
1278575	0
1496793	0
3865475	0
60155	0
28037928	0
9042000	0
5159792	0
16037718	0
20672329	1
1331395	0
490101	1
187635	0
2833493	0
1595532	0
1490639	1
187636	0
1563000	0
2701261	1
2236472	1
10640451	0
13253566	1
106117	1
51888	1
4103051	0
25297309	0
2021700	1
5533243	1
44696	0
13963229	1
18586588	0
26023042	0
8756666	0
15622632	0
22379544	0
4485134	0
770098	0
237303	1
1126572	1
156774	1
20524492	0
27193568	1
1004644	0
17816275	0
1365985	0
13621335	0
17798387	0
483274	1
2056466	1
5090342	0
3146380	1
2013364	0
3673436	0
2210017	0
10198223	0
23002264	1
32298508	0
2279601	0
24808831	0
1882947	0
27203385	1
1822878	0
1323106	1
2480103	0
11806522	0
528069	0
6532516	0
3188479	0
7482551	0
4326127	0
1565181	1
6542295	0
12794630	0
12621957	1
583758	0
2032436	1
31958632	0
5961506	0
17613909	0
1659846	1
3318002	0
30352708	0
548259	1
30146066	0
34308933	0
25951913	0
12938853	0
32204472	1
734207	0
2245072	0
15130915	0
28063569	1
16183064	0
31232762	0
904125	0
279813	0
261402	1
2571423	1
2140002	0
2729561	0
6416597	0
19843601	0
20089961	0
600094	1
3229741	0
5144797	0
26630999	0
695700	0
673469	1
1230920	0
217776	0
22967108	1
1599541	1
50793	1
152328	1
15912738	0
32364895	0
6215073	0
1587300	0
9652359	0
2731103	0
6982498	0
2918727	0
2863646	0
24228585	0
692670	0
543276	1
1897496	0
1195543	0
5326648	0
594240	1
17908468	0
773089	1
7133616	0
407591	1
3153784	0
10691130	0
3377893	0
537200	1
2638184	0
931869	0
1182345	1
22877875	0
1336308	1
950274	0
5316828	0
706378	0
3779953	0
106344	0
2780022	0
1847229	0
1944643	0
9468375	0
826441	0
2706105	0
12297005	0
1367501	0
2643816	0
15860207	1
3756444	0
26588977	1
35766299	0
14706880	1
954488	0
961937	0
13503537	0
4602698	0
90156	0
29900532	0
15169291	0
3782947	0
678599	0
1376794	0
255898	1
3006708	1
678603	0
12224231	0
1428132	1
1726126	1
5644502	0
2821645	0
1784731	1
2173985	0
1352821	0
105434	1
234382	0
3296177	0
16652785	0
26768675	1
6590245	0
4985426	0
3278100	0
454223	0
254269	0
20699587	0
6916204	0
4430454	0
473273	1
10286685	0
600209	0
19344803	0
7394823	0
1619410	0
26166969	0
1129009	0
2760461	0
3990404	0
1009560	0
1762869	0
24374818	0
2952395	0
291610	0
4012556	0
11682101	1
10296498	0
28000044	0
2001301	0
12507175	1
99454	1
187107	0
17848676	0
1125221	1
145663	1
44302	1
2259030	0
2444093	1
17441941	0
13239722	1
2698486	1
2508308	0
1745339	1
1997332	0
22548689	0
5388717	0
685832	0
21745410	0
4746060	0
20264949	0
8526125	0
14979283	0
1152416	0
5451497	0
223902	0
35429216	0
17136655	0
5292154	1
34521349	0
15713038	0
3593624	0
703807	1
1724301	1
29890747	0
883437	0
6858830	0
7758260	0
1752246	1
341399	1
1416847	0
3954917	1
11414473	1
27098	1
27097	1
663968	0
13348042	0
17593898	0
14671645	0
25102073	0
171000	0
188902	1
422269	1
3828251	1
5012787	0
286836	0
9543722	0
19528324	0
5766046	0
3090812	1
2509831	0
26790467	0
29085210	0
840058	0
20678521	0
1141438	1
2742915	0
6432572	0
26108223	0
16007317	0
384990	0
739259	0
24709671	0
76030	0
14521896	0
2251076	0
3383952	1
1954311	0
5640372	1
4648834	1
11337966	0
8276181	0
28062973	0
78425	0
29034540	1
3123751	1
31201599	1
3170260	0
578001	1
6121312	1
13470131	0
19979259	0
24155032	1
24043885	1
444906	0
22199726	0
1519886	0
5925044	0
32632102	0
2420966	0
558970	0
750694	1
12005	0
2222699	1
4083603	0
4087825	0
294998	1
345849	0
736266	0
3499995	0
518928	1
70647	1
8481	0
1370976	0
22729553	1
184158	0
24388527	0
396470	0
6599431	0
3667955	0
29518461	0
765310	0
2769128	0
963052	0
161882	0
474031	0
8626891	0
18629144	0
2933385	0
12213090	0
18896556	0
3237559	1
4009572	0
1400747	0
15103329	0
22150482	0
16936786	1
1038153	0
1122030	1
30729952	0
28385370	0
2932389	0
4485641	0
6000889	0
23823057	1
2251194	0
16258792	0
4207567	1
4440320	0
22074457	0
4301557	0
9169875	0
32624608	0
19495315	0
2194915	0
832232	1
14348806	0
12556054	0
26057580	0
172534	1
2554585	0
3947481	0
4052442	0
25400635	1
2290453	0
31306731	0
5191706	0
8829625	0
11191665	0
3245477	0
1610563	0
837494	0
3235385	0
3207603	0
13799441	0
9089380	1
367085	1
99545	0
15883481	0
915147	0
11617594	1
935996	0
4207564	0
1419414	0
213472	1
407628	0
607735	1
18436536	1
907949	0
1382226	0
1380361	0
598868	0
2200993	0
73401	0
3079162	1
1562677	0
15401848	0
1467021	0
5734461	0
286544	1
33474657	1
67411	0
2706589	1
17987269	0
1939585	0
933060	1
289253	0
187091	0
3116944	0
15340505	0
1875611	0
28575459	0
7292022	0
22320215	0
203841	1
24161186	1
515217	1
20313018	0
518687	0
1282851	0
5303308	0
15365850	1
706863	0
3077660	0
703963	0
733836	0
3125976	0
585172	0
706861	0
402890	0
23247526	0
2102931	0
6619702	0
7482821	0
20389220	0
497081	0
34657171	0
29384326	1
2154881	0
397310	0
213275	1
3129169	0
3965064	0
25757180	0
255049	1
4894893	0
604150	0
10812453	1
1458772	0
896395	0
2199665	0
26069013	0
236691	1
171160	0
5870499	0
1641890	1
695435	0
21755178	0
15871827	0
5283093	0
32807542	0
335298	1
20695179	0
27116963	0
25896358	0
2093628	0
2228850	0
2406759	0
473212	0
14708304	0
29895019	0
190398	0
1330220	1
3600824	1
142463	1
12674042	0
5281893	0
3186448	0
2862798	0
3874380	1
32621340	0
2008863	1
574210	0
203413	1
9676869	1
33895664	0
3301903	0
12639975	0
10095779	0
7920068	1
910628	0
16543602	0
682257	1
537024	1
27451979	0
1466817	0
1232216	0
14411595	0
55495	0
2525385	0
2641235	0
11059900	1
683486	0
2673320	0
1822446	0
29735796	0
14166698	0
2851281	0
20211414	0
583407	0
2930527	1
1705391	0
482383	0
673682	0
7715240	0
932297	1
2594435	1
6919595	0
1183043	0
3486717	0
699609	1
615121	0
5930667	1
1801710	0
563861	0
690105	1
164401	1
2638660	0
179825	1
967721	0
558336	0
17945020	0
3262031	0
19625929	0
1164535	1
13844205	0
24496628	0
11037366	0
5872413	0
349941	0
6071821	0
30860835	1
390867	0
312228	0
1959464	0
17188323	0
7636003	0
27617888	0
17917662	1
27361432	0
2375811	0
1528430	1
29728734	0
3093681	0
5552960	0
3154528	1
10459622	0
3654204	0
29075630	1
7885996	0
28054698	1
2742724	0
571383	0
12637837	0
30469268	0
460442	1
4851257	0
100700	1
2353104	0
5735396	0
6449273	0
27939556	0
31176	0
1587667	0
22535918	1
1038386	0
7984798	1
2976028	0
28256193	0
1345521	0
5630975	0
3303413	0
22210654	0
28075240	0
68084	0
2925896	0
4046725	1
13901	0
19861657	1
8656796	0
27346771	0
195388	0
25506	0
1285796	0
1365630	0
5989305	0
25830677	0
3162951	0
4726	1
12199287	0
1094719	1
241482	1
9251956	0
3105893	0
1989045	0
2953325	0
311765	0
1274418	1
24225138	0
1389153	1
168602	1
737234	0
1813096	0
7329501	0
2073069	1
3190223	0
34414967	0
23773341	0
7329566	0
710094	1
2091266	0
1107070	1
20053452	0
20332464	1
1934366	1
5719024	0
1871096	0
1083768	0
5055788	0
19777337	0
26741261	0
1179278	0
34157225	0
542094	0
432236	0
3755901	0
1748549	0
4305033	0
4690238	0
4878629	0
42159	0
9294	0
2436406	1
4524855	0
2069318	0
1609553	0
701775	0
106337	1
1745413	1
2565348	0
1179213	1
5875034	1
76368	0
3699931	0
825828	0
24877081	0
16703978	0
33219990	0
3276167	1
6537778	0
10556722	1
4600467	0
2488691	0
6471903	0
3557065	0
1597802	0
12139569	0
1625009	0
2376744	0
3178137	0
53964	1
6492028	0
1007563	0
5920611	1
1228941	0
19271559	0
28010642	0
179064	0
22363271	0
10973612	0
1228937	1
3610519	0
483745	0
15770250	0
24598397	0
171621	0
23015014	0
10612874	0
171623	1
1087895	0
8432450	1
20122638	0
917363	0
1306698	0
18716691	0
1352995	0
7021662	0
15304343	0
17151705	0
30524228	0
5564313	0
1605227	0
1046470	1
12289886	0
12234690	0
35836829	0
2632500	1
26188295	0
342556	0
307158	0
26246642	0
1745050	1
954902	0
29329264	0
705756	1
6187665	0
8090904	0
3862395	0
16197097	0
3409107	0
15644478	0
1616817	0
2951841	0
3380602	0
8357964	0
33918476	0
23047425	0
34868734	0
27686176	0
16922889	0
16627853	0
10353968	0
1086222	0
170858	0
25370724	1
15279295	0
948784	0
20190305	0
4343497	0
25210318	0
101910	1
10016161	0
561006	0
6008226	0
7514063	0
23923783	0
12212748	0
26178809	0
1632580	1
31727546	0
4436565	0
26800826	0
1203421	0
13734892	1
3439529	0
6663412	0
80944	0
25519059	1
26206134	0
142844	0
16166559	1
12978934	0
24851547	1
1893079	0
239532	0
21318106	0
133574	1
1342884	0
36353890	0
1032588	1
348356	0
398934	1
652539	1
1865502	0
9504357	0
6257683	0
74962	0
4032727	0
3923568	0
2103169	0
2080169	1
7006903	0
2933910	0
921865	0
1847843	0
10025286	0
2707684	0
1065214	1
4354571	1
6223567	1
9149984	0
875305	0
2692160	1
21254702	1
1721255	0
67417	1
159171	1
1113205	1
4867859	1
2864621	1
5733324	0
5733759	0
32644359	0
26007941	0
3434085	0
10428696	0
932407	0
644385	0
1960065	0
637256	1
3624365	0
1556078	1
217835	0
911882	0
10071292	1
5135868	0
2103217	0
18764957	1
1977174	0
26737055	0
947616	0
7081597	0
698969	1
3127557	0
13165463	0
2551150	0
528464	0
1594408	0
2675554	1
779884	0
461364	1
5434432	0
17405162	0
15802022	0
3216798	0
45242	1
1732642	0
27348158	0
16451841	0
6899017	0
511622	1
3309192	0
73441	1
1064068	1
14285052	0
883489	1
7787845	0
23924255	0
4200803	0
1906889	0
20433007	0
3051466	0
525292	1
3909180	0
12147070	0
23808966	0
4446720	0
104984	1
1022566	1
5392223	0
12940547	1
733901	0
44122	1
1086550	1
556241	0
3274071	0
3597492	0
20781972	1
873029	1
2238387	0
13670373	1
17124781	1
19755662	0
5589251	0
7870124	0
1166096	0
33038027	0
1936491	0
171555	0
333492	0
9612861	0
5848001	0
30007	1
27652539	0
9482929	0
1296482	0
13660122	0
5560593	0
33022624	0
5830099	0
14899108	0
30468471	0
3879782	0
10536433	1
705984	1
5560792	0
320401	0
3130501	0
9857629	0
27656617	0
1930290	0
3156200	0
1769515	0
3735041	0
4862696	0
915315	1
5257449	0
9979687	0
414180	1
32755585	0
14142753	0
2682100	0
4595569	0
6646087	0
4538840	0
902225	0
1022698	0
515151	1
3732839	0
21166371	0
8648486	0
15799422	0
1117164	0
3058252	0
20250451	0
14147899	0
1967834	1
2371682	1
25668686	0
962010	1
261107	0
20756695	0
5082034	0
1954737	0
935847	1
8215662	0
99031	1
20338576	0
6787518	0
5979134	0
20406604	0
2813558	0
5652838	0
3033155	0
5501399	0
31533009	0
3488543	0
2098803	0
7460481	0
22132828	0
7003785	0
1643035	1
473776	0
1480608	0
2726812	0
16839388	1
24366494	1
210860	0
3709021	0
15968935	0
18333832	0
35340371	0
6809250	0
11665498	0
4429858	0
18449476	0
6446053	1
1622296	0
6446071	1
4657647	0
27429073	0
1367452	0
1737543	0
31734473	0
699208	1
214312	0
13869989	0
657797	1
23966679	0
242525	0
27524900	0
21675573	0
10895416	0
242528	0
3080716	0
6607195	1
1343327	0
22747077	0
25658502	0
9615983	0
489800	1
20694344	0
32659111	0
692682	0
24188674	0
31557	0
22216	1
5499083	0
23322195	1
6878966	0
525314	1
1531941	0
10823448	0
16618557	0
1699256	0
488484	1
17247222	0
2969963	0
15886402	1
5187501	0
680398	1
4744645	0
1524536	1
3524655	0
26100632	0
6167400	0
25447258	0
9834441	1
35766319	0
100274	0
25737451	0
19626055	0
20714148	0
13141411	0
19767452	0
576208	0
1401046	0
9932514	0
724258	1
25745409	0
22092460	0
13024213	0
10286355	1
7369863	0
256713	1
547448	1
409754	0
3434688	0
74577	0
6074576	0
27608778	1
23438376	0
443718	0
2403302	0
22342877	0
28969144	0
1496798	0
5631382	1
101943	1
3017440	0
9068710	0
31499768	0
1496799	0
23150423	0
11107075	0
7754795	0
67442	1
600216	1
16187144	0
31513300	0
12139040	1
27526292	0
7591721	0
1110047	0
77460	0
1362608	0
3287436	1
666923	1
23485396	0
4242732	0
58147	0
31769881	1
1045457	1
1212256	1
2913859	1
242539	1
1614875	1
3737862	0
2514817	0
25011177	0
228355	1
232795	1
25810429	0
23270459	1
5199340	0
5549932	0
360138	0
10216667	0
1279798	0
3009141	1
1343165	0
35278316	0
20485147	0
17468161	0
1129847	1
1388981	0
4451435	1
28671081	0
18448029	1
1801280	1
458573	0
4447058	0
62440	1
67444	0
695227	1
633052	1
18717177	1
4597853	1
23810915	1
9835	1
382387	1
8356673	0
5054128	0
15106016	0
2508590	0
711102	0
4162938	0
34778890	0
1694467	0
1394959	0
2223589	0
1756460	0
27602542	0
3076353	0
20086938	0
33061601	0
657764	1
689549	0
24160654	0
6017841	0
3284664	1
171066	0
14722502	0
14812319	0
22536936	0
8605097	0
1785981	0
8388013	0
246658	0
27683146	0
2572851	1
3648503	0
2569417	0
557036	0
30581	1
3834822	0
3261900	0
24402395	0
12537943	0
22933412	1
13643537	0
34015037	0
3283236	0
19992131	0
225459	0
1353111	0
972970	1
76371	0
25588749	0
3985480	0
7769076	1
5327757	0
6563913	0
997939	1
61498	0
26334230	0
10430845	0
6910992	0
673274	1
214148	0
36354051	0
1925869	0
8548898	1
231486	1
871658	0
17016725	1
2352397	0
1519350	1
13393215	0
5892193	0
4047392	0
187103	0
30296552	0
4681500	0
1462414	0
1114086	0
6241436	1
21859894	0
20555109	0
31281519	0
2995062	0
4343543	0
5988879	0
492158	1
2331371	1
1061565	0
1494750	0
5991667	0
33022747	0
13361675	1
430788	0
97732	0
5968326	1
1128108	0
20791313	0
20117565	0
32203824	0
26271368	1
1872336	0
6575187	0
2926860	0
2979644	0
5498784	0
768526	0
7617771	0
1437474	0
1231877	1
9477743	0
3319694	0
397753	0
10836632	0
6311923	0
4705514	0
2347609	0
35784796	0
1157124	1
4913527	1
6834654	0
507679	1
28922481	0
32832210	0
73412	0
93559	1
1101306	1
12971179	0
7832768	0
27730209	0
1355085	1
2209172	0
1166548	0
22547614	0
15142007	0
3755662	0
877743	1
159980	0
3147593	0
23292052	0
16635782	0
20072184	1
5668860	0
1157922	0
583932	1
8928586	0
91133	1
31879136	0
10292216	0
62122	0
3950291	0
205013	1
8264802	0
1994205	0
8256015	0
190053	0
19985850	0
30011044	0
11575861	0
21550540	1
30872164	1
6202459	0
10072700	0
1320563	1
533767	0
14344144	0
4921024	0
133550	1
5964302	0
3592111	0
8994	1
17215226	0
12291803	0
1713779	0
22412482	0
8796061	1
1311098	0
14076686	0
686006	0
55447	1
4410476	0
16881835	0
1620539	1
76647	0
647756	1
2064125	0
413426	0
11526309	0
564986	1
936429	0
10158733	0
675574	1
92999	1
24551073	0
23084130	0
987370	0
9980905	0
30857519	0
24322190	0
11453579	0
2460704	1
113549	1
2071077	0
35766275	0
2071080	0
20808370	0
1543560	0
7362626	0
12733257	0
29561419	1
22850820	0
92540	0
16298384	0
4306224	0
1660909	0
964721	1
9078818	0
3377778	0
5529883	0
1394726	0
73422	0
17916735	0
7513015	0
770066	0
547526	1
1099178	0
26865950	0
31225806	0
1405466	0
27265721	1
3895377	0
817516	0
1591865	0
5733558	1
7760868	0
2134635	0
1666550	0
31217842	0
20672258	1
3547149	0
29666067	0
21292344	0
25129766	1
25924934	0
1499348	1
10825132	1
3300191	0
844315	0
26966982	0
28245273	0
880056	1
8302293	0
16264226	1
2308701	1
1354757	0
19752168	0
4521534	0
11956039	0
14185043	0
7694669	1
19755481	0
1368785	0
2195842	0
3787708	0
29783609	1
1604763	0
171588	0
213015	0
1394579	1
93760	0
68485	1
5866831	1
8023659	0
101899	1
2274938	0
34760284	0
33183721	0
22088384	0
16927051	0
6692620	0
948337	1
17901688	1
183061	0
24630747	1
2150615	1
12739295	0
4766483	0
7677968	0
4562661	0
30818824	1
3470969	0
365025	0
24436496	0
2372920	0
4575756	0
451817	1
5865566	0
1365451	0
535971	0
12281413	0
1304986	0
8867686	0
8733905	0
6197876	0
3701905	1
654530	1
1256990	0
234537	0
10155579	0
6551171	0
6814883	0
25862453	1
11767086	0
956598	1
442675	0
3070954	1
1068346	0
2886835	0
6268880	1
788543	0
3698195	0
17988463	0
2423367	0
22712364	0
3202250	0
2490751	0
900231	1
21029252	0
31381839	0
1367497	0
386124	1
2457278	0
1274324	1
8557673	0
39311	1
29785	1
25946368	0
698242	1
31165097	0
36814246	0
35723380	0
26949434	1
2246413	1
79848	0
2016956	0
28194565	0
22215272	0
3492340	0
12784585	0
2807539	0
407288	1
26127858	0
35027687	0
29609480	1
872497	1
26553506	0
2724049	0
1189614	0
3151857	0
10811554	0
3069564	0
1599839	1
105397	0
31572779	0
258732	1
24516881	0
4158013	0
1979044	0
6831954	0
28085067	1
1010796	0
680006	1
5449985	0
5992871	0
25255778	0
33720652	0
29828688	1
1307241	0
28370864	0
8753468	0
352455	1
22842262	0
770156	0
7186157	0
7186487	0
20598976	0
33313466	0
26458140	0
4299421	0
26553549	0
2809621	1
2682902	0
10538405	0
2390149	0
2430462	0
5334800	0
9617369	1
3497579	0
1799076	0
460052	1
30431126	0
18456519	0
982480	1
33474264	1
2295321	0
23400698	0
9271078	0
11242	1
33598983	0
27326936	0
168597	1
2338401	1
20753502	0
6012106	0
26806844	0
2046787	0
15837630	1
19360778	0
1186616	1
31939040	0
27485441	1
9222167	0
26723415	0
20678499	0
23524192	1
1439951	0
169202	0
5456819	1
2696891	1
1067272	1
14198166	0
1732917	0
2980189	0
9084983	0
29294207	0
1031588	0
1371138	1
31269549	0
18640429	1
2056480	1
2191058	1
693325	1
8137954	0
34660676	0
26072991	0
5823794	0
3892325	0
1789996	1
3032361	1
2843380	0
217784	0
27888241	1
10701274	0
10487	0
15428508	0
29656423	0
2964301	0
1482557	0
24195690	1
24228775	0
3119257	0
161897	0
1703792	0
6446995	1
28150124	0
31908	0
26911870	0
29454281	1
11501271	0
246963	0
12758034	1
358367	0
28027063	1
12823099	1
10050056	1
28413162	1
891829	0
14251601	0
1562284	1
483727	0
2564144	0
17240314	0
113449	0
1037237	1
2255603	0
142327	1
3767190	0
3418109	0
3252860	0
3137992	0
344978	0
76402	0
28814788	0
290633	1
30873996	0
4294005	0
13771001	1
41528	1
3130366	0
54999	0
77223	0
1189804	1
1190626	0
163457	0
201534	1
163456	1
1399634	0
2069237	0
1844737	0
1518575	1
14686017	0
1040571	0
5515243	0
10760729	0
7734862	0
1055633	0
3427182	1
11659396	1
33288456	0
21475159	0
15257713	0
1774803	1
730734	1
18759088	0
23400589	0
7527753	0
13377058	0
28327465	0
12567618	0
3326435	1
317873	0
3273263	0
1573600	0
24919430	0
25765787	0
3344455	0
435566	0
1710667	0
4711636	0
1828138	0
6911871	0
10541514	0
74293	1
11956773	0
560837	0
9813617	0
11076159	0
22534684	0
18907055	0
2992408	0
9280225	0
3600737	0
1469871	1
2643692	1
1039414	0
905530	0
11090495	0
165794	1
3227969	0
1420419	0
22539062	0
1397876	1
5079733	0
4427791	1
28945420	1
2040976	0
7533357	0
16794053	0
5524740	0
142476	1
28806846	0
22547607	1
25491	1
31306385	1
308930	0
885824	1
21015273	0
160047	1
24522644	0
652534	0
1589300	0
14355632	0
7068258	0
26523796	0
8154771	0
1633134	0
22815884	0
1681255	0
35581515	0
3702581	0
7865056	0
2010889	1
17619847	0
13702809	0
474556	0
16023028	0
3317799	0
19671715	0
2385928	1
1659954	0
21817575	0
299490	0
26107567	1
32809321	0
67431	0
26319447	0
2811692	0
4138142	1
5329439	0
2328364	0
54173	1
3112136	0
31377570	0
1482832	0
717281	0
473286	0
460605	0
32985704	0
187095	0
5551144	1
7816124	0
6647358	0
1790734	0
142588	0
412475	0
1563060	0
2549266	1
677920	0
7117238	0
3084955	1
412476	1
19267703	1
25045707	0
1126401	0
8531241	0
735291	1
1130769	1
18753056	0
35876700	0
23713094	0
11728170	1
25594421	0
19089093	0
284957	1
2332911	0
6179073	0
11691982	0
4385123	0
826409	1
338869	1
74011	0
670445	0
73970	0
8069903	0
5016784	1
73428	0
6562375	0
1667210	0
171628	1
849321	0
30131498	0
453236	0
12449377	0
886560	0
2498683	0
17901762	1
4016437	0
11397477	0
11380361	0
3618333	1
4837038	0
1724422	0
1968680	0
2694167	1
2004939	1
787273	0
13581120	0
14911735	0
15402569	0
101907	0
2301585	0
24388963	0
2626454	0
29612989	0
14603950	0
5313	1
31073723	0
471544	1
20575760	0
4958412	0
24559797	0
944960	0
5859950	0
28463749	0
3771410	0
219040	0
22637915	1
2583417	1
24355152	0
2372982	0
20528010	0
696925	0
9985182	0
468353	0
2366932	0
32766082	0
19082345	0
92684	0
2533907	0
5729	1
1128527	0
2231378	0
26118640	0
2987486	0
7023676	0
958920	0
928529	1
28039883	0
4143564	0
8269287	0
5007560	0
88075	1
363929	0
6057891	0
559847	1
3112909	1
2357737	0
1305939	1
2265148	0
146077	1
524813	1
475977	0
2180950	0
6233638	0
10349441	0
171026	1
6043815	0
31218463	0
1128661	1
1571083	0
14461347	1
183358	0
730819	0
20351034	0
947419	0
5324114	0
12760089	0
14268823	0
2651130	1
8141252	0
8847160	0
28826121	0
501340	1
32486389	0
725892	0
15172134	0
326446	0
15142854	0
2066293	0
12816598	0
11217280	0
766887	1
11223	1
10004330	0
7733814	0
2949735	0
2158983	1
23396344	0
846311	0
2022395	1
8977593	0
19099601	0
3336243	0
284697	1
12967168	0
13114104	1
24227403	0
15114362	0
10051590	0
1210303	1
5592074	0
898561	0
2832604	0
781946	0
3834305	0
6320542	1
9692927	0
30456198	0
1167483	1
35723320	0
35784760	0
781934	1
2271177	1
1430396	1
7223973	1
1540319	0
477099	1
2249951	0
2113868	0
2284155	0
2233996	0
12836115	0
5959458	0
1496622	0
1870643	0
1039561	0
30651508	0
20777420	1
568780	0
84213	0
20320460	0
10554740	0
2918858	1
2386766	0
3598844	0
22180695	0
2688309	1
381006	0
3370462	0
2783476	0
3564280	0
7133888	0
10784436	0
3409175	0
25886080	0
924835	0
2144775	0
2528686	0
6135549	0
30261876	0
6893869	0
499147	0
785210	0
277006	1
3792817	0
8785217	0
11522190	0
2268241	0
145629	0
35587809	0
1493245	0
12814753	0
1840775	0
337740	1
5703641	0
1997397	0
21066411	0
15525072	0
21958806	0
2819995	0
11545267	0
7511763	0
25121570	0
5674209	0
28788678	0
28397585	1
1525968	0
105872	1
22740984	0
30875429	0
13387891	0
23271370	0
3812366	1
22374348	0
7693761	0
6584608	0
14696485	0
3742599	0
13379536	0
241052	0
2101749	0
1625624	0
1167226	0
11942501	1
1412382	0
2244939	0
13562181	0
4432750	0
106335	1
854942	0
23487440	1
171939	1
5683113	0
612018	1
18951054	1
1428048	1
5429460	0
32289757	0
76617	0
4504917	0
13248717	0
634114	0
596701	0
27891311	1
1681589	0
12230323	0
1045986	1
1843114	0
2718285	0
44501	1
9732060	0
20223641	1
18733964	0
3039544	0
3417075	0
988136	1
673613	1
2769852	0
26494388	0
9709480	0
735240	0
20898157	1
33879879	0
32427135	1
14090644	1
666948	1
7376937	1
18599471	0
6804043	0
200694	0
23214099	0
451898	0
55720	1
4131836	0
2883615	0
6947457	0
14254136	0
30000	0
725103	1
7758136	0
5158963	0
18152165	0
6084956	0
2571385	1
3861685	1
154790	0
6264910	0
1071462	0
690993	0
1396533	0
1925048	0
18410798	0
1213838	1
26371114	0
732971	0
16796383	0
7222016	0
13193885	0
5977601	0
1954206	0
2649257	0
12555863	0
206879	1
2982138	0
11637110	0
1958896	0
1118829	1
25781446	0
1624054	0
570350	0
14307697	0
15777230	0
15721024	0
18549292	0
1941591	0
36019569	1
431014	1
3671146	0
23514165	1
20797139	0
2136164	0
35667098	0
1591848	0
73882	0
1278589	0
1644364	0
13547387	0
882050	1
171550	0
8344046	1
26879862	0
468293	1
16002873	1
103033	0
13902854	0
17578735	0
4131838	0
35316287	0
225476	1
555629	1
4390986	0
3325355	0
4415958	0
24222883	0
26932731	0
31193	0
2216208	0
129444	1
1141596	0
133462	1
25829124	0
3831834	0
970846	0
17651907	0
26505302	0
2002104	0
600820	0
1721159	1
29176668	0
3685714	0
2918524	0
3876620	1
27601200	0
10587298	0
9914234	0
18156507	0
1512171	1
22964839	0
3328529	0
9308910	0
5102319	0
5136480	0
3990450	0
3793519	1
17120757	0
10867838	0
3175656	0
32365051	0
2983487	0
31676805	1
5795788	0
3251133	1
23069508	0
20912988	0
31229320	0
33235973	0
7086738	0
1346908	1
26252539	0
602501	0
74394	0
9034057	0
20825612	0
4646185	1
12231217	0
10311825	0
31703754	0
8626157	0
18698236	0
1259297	0
2600572	1
903082	0
15861151	0
36361189	0
1386250	0
8471210	0
3230282	0
21978354	0
13347259	0
1530223	0
2345088	0
36097048	0
3820085	0
24816891	0
1861161	0
28282310	0
4503816	0
20461830	0
28506532	0
1698283	0
12757469	0
1013377	0
30863819	0
179351	1
2423947	0
2860057	0
12541481	0
2142721	0
5795244	0
33652760	1
2053385	0
32050796	0
2421409	0
2099242	0
6939673	0
899442	0
27216746	0
2406870	0
28919836	0
564947	1
212671	0
2564610	0
1126992	0
9024870	0
9395068	1
230481	1
3032135	0
62084	0
230483	1
1071219	1
1582661	0
31079	1
10628948	0
22327149	0
27127942	0
2009257	0
8398222	0
4158539	0
915192	0
1105278	0
55601	1
4228260	0
2581365	0
471352	0
899255	1
338962	1
24341999	1
15708208	0
1607540	0
965992	0
18596409	0
4866615	0
618856	0
20617864	0
105972	1
667361	1
304725	1
1567210	0
306195	1
32806810	0
106352	0
4112888	0
26295780	0
9287656	0
1512830	0
3272326	0
5579651	1
2371819	0
27863892	0
35370504	0
461322	0
50486	1
142426	1
68108	0
4163034	1
12064241	1
1122412	0
576217	0
1591985	0
129246	1
18609739	0
22791862	0
27462826	0
1961644	0
1126798	0
129493	1
22881544	0
7856287	0
656608	0
157172	1
31553889	0
2614503	0
2209301	0
25330887	0
13195083	0
7486874	0
2885062	0
936234	0
4340044	0
2439340	0
3204685	0
1728156	0
26258656	0
21816045	0
143834	0
736200	0
250699	0
25202309	0
2356721	0
1623500	0
1602002	0
195246	1
6212119	0
22824499	0
2977312	0
5670572	0
443011	1
255858	1
600132	0
708870	1
18420153	0
5488755	0
5990408	0
27581436	0
1637470	0
101408	0
4603146	0
27646255	0
165289	1
1811116	1
1849258	1
17246953	0
901563	0
190392	0
7548058	0
2772250	0
3572176	0
22939533	0
13364985	1
5725629	0
443917	0
7766704	0
2001887	0
10193848	0
2263255	0
13235461	0
1963987	0
2617126	1
2268585	0
30555534	0
675790	1
4738713	0
20181491	1
3725503	0
6097521	0
2821964	0
24147327	0
68145	0
793025	1
2513630	0
646009	0
3444797	1
2157292	0
845403	0
410832	0
76394	1
3997734	1
10048887	0
9252149	0
3769756	0
2255067	0
19271127	0
19817250	0
629350	0
284525	1
6421844	0
5081408	0
506119	1
164376	0
25665099	0
18931926	0
101813	1
2053414	0
8401840	1
1507610	1
10087767	0
2926668	0
547378	1
264176	0
286828	1
3471403	0
5860476	0
33192532	0
8829690	0
14583360	0
2063141	0
4265347	1
6321630	0
35732025	0
154699	0
171070	0
675213	1
20442820	0
5499151	0
1881878	0
1529108	0
9263475	0
240907	1
6461832	0
5259161	1
24785258	1
4894733	0
24878469	0
7926725	0
113427	1
16733548	1
3680813	0
12898367	1
384209	0
3569886	0
3239688	1
14238581	0
705925	1
630721	0
63310	0
36252903	0
1343517	0
18163109	0
2353166	0
7005141	0
16113730	0
4560	1
5898351	0
2269465	0
676038	0
7984838	1
17188776	0
1277918	1
2880425	0
1934127	0
1643555	0
9355314	0
2856978	0
1273396	0
54030	1
5391207	0
1809672	0
26284394	0
21282769	1
67420	0
3681345	0
13950959	1
1388289	0
21871346	0
129331	1
2236329	1
2267088	0
1689394	1
27177006	0
1438595	0
473086	1
31232513	0
2435668	1
2367145	0
293524	1
25521383	0
5019937	0
20451434	0
4299508	0
2106930	0
5085987	0
26376459	0
7605182	0
168958	0
10458631	0
28297691	0
2305786	0
3718428	0
14429341	1
34092532	1
2700693	0
2771118	0
4684910	0
4490437	0
1179306	0
89793	1
12457211	0
20818010	0
1962913	1
29012574	0
2792455	0
71975	0
164502	0
844078	1
931121	0
25322634	1
144415	1
34683152	0
17665499	0
217819	0
3257956	0
1440478	0
3139727	0
1958425	1
4939088	0
4446490	0
5845807	0
2448816	0
4513177	0
10862322	0
4711743	0
1766274	0
1036208	0
1482950	0
2032945	1
28880684	1
24193429	0
5292920	1
244752	0
13939322	0
3412440	1
1613987	0
2421509	0
35000773	0
396607	0
4836948	0
2771792	0
1691989	0
22726015	0
1575809	0
12127937	0
18375567	0
891807	0
4175289	0
8691570	0
742453	0
525486	0
805496	0
5138153	1
2848051	0
12284593	0
16731647	0
16204877	1
1597877	1
10945117	0
1466657	0
31510744	1
1825320	0
1996645	0
1367143	0
1802400	0
3136443	0
1060187	0
30835244	0
76040	0
3453263	0
4908814	0
1665725	0
1385251	1
5501976	0
30029985	0
363255	0
713375	0
5646653	0
1968844	1
1346428	0
28370997	1
2521806	0
20600500	0
3427588	0
62689	0
1210913	0
464883	1
2240278	0
10837755	0
11089978	0
1494401	0
21494032	0
222500	1
930143	0
5923232	0
22947141	0
6048468	0
1468747	0
18092214	0
36956792	1
9019720	1
5846373	0
12207260	0
6322029	1
113460	1
8195278	0
11103982	0
17112291	1
12130331	0
1960507	0
25971350	0
3753182	0
871013	0
18347602	0
17758086	0
13348400	0
633855	0
1596524	1
31147066	0
6302415	0
1493527	1
1233576	1
5638049	0
7725236	0
6473465	0
9195136	1
8351476	0
129427	1
23258338	0
2037975	1
26632998	0
22937227	1
89397	1
77641	0
8493002	0
80523	0
2613497	1
3268903	0
23535297	1
18995832	1
2159438	0
5867940	0
5002289	0
1227317	0
12279512	0
24929382	0
98164	0
2674130	0
33201358	0
7508621	0
20393973	0
2351932	0
177830	0
982874	1
8572609	0
22526086	1
2826890	1
75259	0
35197372	0
6401155	0
18456071	0
54160	0
2663129	1
1260184	0
30470501	0
6210832	0
2541757	0
3577764	1
7051746	0
5273390	0
447299	0
772823	0
2824791	0
1925631	0
21942458	0
3837375	1
3226774	1
25161531	0
5882490	0
946164	1
9375612	0
22061565	0
1312481	0
704063	0
1164579	1
277160	1
24217848	0
14733483	1
24593335	0
5123756	1
23624157	0
1252685	0
28014683	1
1510273	1
1374292	1
15938122	0
5457185	0
13409492	0
215873	1
1389099	1
5264560	1
503573	0
3615041	1
3555900	1
16595579	0
23769406	0
194693	1
14536033	0
3182015	0
31205051	0
33483833	0
737797	0
2187884	0
5649246	0
2470135	0
5533519	0
225615	1
3151934	0
5278636	1
12560767	0
34044456	1
10304105	1
198313	1
29846796	0
14387171	0
2554065	0
8771437	0
3567688	0
1189552	1
1349086	1
27609842	1
23731502	0
1417388	0
2194799	0
31804949	1
8455316	0
1145761	0
15607846	0
14237319	0
3842730	1
9013587	0
1525408	0
3407587	0
18640305	1
456601	1
31934326	0
1934035	1
1693762	0
7176240	0
2099075	0
5444993	0
25734402	0
22377867	0
26156614	0
1134373	0
871056	1
29942	1
32312042	0
9969768	0
7120714	0
15306630	0
22969169	1
16182808	0
2903228	1
28245494	0
692785	0
11226458	0
25734098	0
2259649	0
10491313	0
11470344	0
715207	0
19671399	0
2144178	1
2555248	0
14261075	0
3190252	0
24319139	1
23941382	1
4193180	0
2255810	0
27239056	0
11026396	0
6106857	0
1470810	0
350847	0
34286306	0
19784619	0
18932654	0
4198757	0
3135608	0
545795	1
3949733	0
1571097	1
19509640	0
30607983	0
690042	1
6733074	0
619728	1
1179229	1
32558509	0
2016450	1
12800555	0
31653535	0
4338749	1
13359313	0
1286174	0
2510385	1
6179287	0
1018216	0
576049	0
14199991	0
2310527	0
20798851	0
20574919	0
4848263	0
6169082	0
98019	0
1658116	0
2973132	0
22154516	0
2400693	0
9098193	0
2097338	0
357473	1
32864663	0
9174755	0
13625218	0
9250876	0
517376	0
3499096	1
23233139	0
642694	1
924767	1
11073939	0
924771	1
142049	1
25932995	0
9121908	0
113463	0
27216318	0
973155	1
1159860	1
4158685	0
26508343	0
1464962	0
17378447	0
7780069	0
6369452	0
19875689	1
74930	0
2046735	0
9105282	0
31336743	0
407178	1
2646948	0
61169	0
1343139	1
17240897	0
30875502	0
3213691	1
731501	0
5474283	0
4122339	1
1345780	0
129278	1
35696452	0
18581691	0
1131832	0
12394296	0
6029546	0
8484755	1
33457293	0
545933	1
2991530	1
13341626	0
2238856	0
4221457	0
1624928	0
35755021	0
32044366	0
915499	1
799030	0
74830	1
249876	1
3252445	0
306812	0
1438158	0
13408866	0
1173339	1
805097	1
35723091	0
6143174	0
2645237	0
9175716	0
1577389	1
9382823	0
4227273	0
1260445	0
24105483	0
26178764	0
3463730	0
36259029	0
12918906	0
2920744	0
2278569	0
1105412	0
12932741	0
1308799	0
5123642	0
10825522	0
18850952	1
13375677	0
1758342	0
89631	1
1015585	0
142461	1
15629858	0
12138300	0
31267756	0
12039019	0
9139772	0
29650834	1
255482	0
11922721	0
27835872	0
9535585	0
2361036	0
450141	1
1986156	1
13149	1
855797	1
17285896	0
19078976	1
19554171	1
17634336	0
2806974	0
9247277	0
26018309	0
5593097	0
28157344	0
34222453	0
1076211	0
27123043	0
15048299	0
28301538	0
798491	1
11615294	0
1996624	0
438417	0
3083330	0
1065748	1
2021218	0
3135187	0
442668	0
67423	1
2396574	0
11611427	0
52389	1
1260100	0
2148370	0
2466810	0
24048632	0
1354688	1
183797	0
825149	1
267848	1
31186339	1
1518254	0
481605	1
4186781	0
5413458	0
28751810	0
10015952	0
8509794	0
451062	0
4401133	0
725468	0
32556787	0
57585	0
1402997	1
21651467	0
4179081	0
7468970	0
4464025	0
1399043	0
3028097	1
7315440	0
1095954	0
718302	0
1140398	1
25533110	0
1204611	0
2688769	0
26282777	0
27496488	0
143814	0
1175762	1
297111	0
3324690	0
8995859	0
6254878	1
171568	1
28236076	1
12624564	0
6231868	0
96893	1
2812852	0
19238278	0
16301666	1
1679183	0
24732529	0
3825963	1
98991	0
1405221	0
5600651	0
4421925	0
355548	1
1268226	0
27111227	1
2863319	1
566713	1
165369	1
878892	0
19422338	0
293165	0
733910	0
28882162	0
32998860	0
19715507	1
19258217	0
265143	0
21488473	1
1553207	0
34086866	1
25619875	0
1026452	0
20647437	0
27744247	0
31327794	1
9310175	0
14952561	0
807842	1
3154773	0
23675899	0
1856185	0
22763437	0
22558719	0
4445572	0
99463	1
42886	0
3031997	0
33509716	1
171562	0
340276	1
5764903	1
23320544	0
24497330	0
101954	1
1070097	0
407351	0
468311	0
1611072	0
2812023	0
474085	0
33934476	0
226664	1
9513043	1
17471406	0
10245832	0
6344136	0
4489906	0
35450200	0
19308640	0
67916	0
997955	1
3643169	1
10780993	1
924123	0
42137	0
213188	0
708479	1
13102698	0
2639650	0
9222319	0
11701	1
4460314	0
7770667	0
4329444	0
2337131	0
3394852	0
2560949	0
21962416	0
31658692	0
5257744	0
14086748	0
1161730	1
4415359	0
142224	1
3569822	1
651322	1
66870	0
1330432	0
780873	1
2473161	0
499810	0
22778879	0
6417754	0
29165410	1
20467374	0
29768643	0
8130293	0
6400083	0
17175592	0
723288	0
711970	0
652255	0
5455297	0
6202854	0
1709334	0
284752	1
24438299	0
357525	0
905906	0
171990	0
29007308	1
4905999	0
11827016	0
11763661	1
22816824	0
18165825	0
33160508	0
33279717	1
31500300	0
45772	1
1221565	1
1749629	0
4091681	0
20203012	0
25662169	0
26726831	0
173941	1
7865977	1
370858	1
3326231	1
1203778	0
80488	0
8661478	0
4152250	0
179326	1
18538183	0
3145948	0
25212770	0
3145964	1
14882944	1
1001506	0
1269138	1
487300	0
864183	1
33222541	0
343684	0
12336807	0
3145210	0
1976777	1
3471159	0
934524	1
369508	1
5047454	0
30296521	0
26546192	0
9796711	1
958028	0
5716877	0
1308304	0
935950	0
9990758	0
3645450	0
1915220	0
6427576	0
15398161	0
6782517	0
129644	1
129524	1
24229540	1
25394470	1
103088	0
289890	1
9083841	0
14120714	0
308430	0
8897338	0
194664	1
4511738	0
525305	1
1827624	0
15182161	0
13141602	0
1716343	0
64657	0
706370	0
20580702	0
1113278	0
331586	1
686213	0
983849	0
22845644	1
32700752	0
1245870	0
2967406	0
1797028	0
34025292	1
3200178	0
307080	1
31153	0
1291727	0
30809	0
1138675	1
52549	1
142417	1
18576398	0
1695109	1
2474297	0
226682	0
4405649	0
142421	1
152058	0
872342	0
1246394	1
1357504	0
94028	1
4443534	1
1688639	0
174251	1
8121583	0
2323962	1
5637772	0
3123893	1
31340066	0
15349469	1
2752058	0
3759215	1
1913775	0
20926377	1
28325333	0
3626936	0
26253096	0
936196	0
917524	0
26608129	0
18118679	0
2091940	0
859556	0
454208	1
531747	1
3381142	0
1158236	0
16578764	1
31422455	0
2392280	1
32813277	0
3312138	0
28084941	0
4408863	0
2303174	1
1596589	0
18986931	0
1024501	0
1602075	0
972958	1
5864450	0
1661980	0
31052221	1
1173571	0
699336	1
1591973	0
1042309	1
2322291	0
4057650	0
1142326	0
1443103	0
2820120	0
22056282	0
3912910	0
18577105	0
5444420	0
2450370	1
675878	0
3027347	0
6456053	0
5971762	0
34478159	0
1840870	1
1138104	1
883432	1
6707631	1
35028178	0
3147170	0
26254041	0
181601	1
6322722	0
10149834	1
2472440	0
1789884	0
22427855	0
11823946	0
303933	1
25920477	1
4492078	0
6740261	0
1191380	0
54540	1
7761830	0
1918494	0
664006	0
26482675	0
